176792079
139523838
141555043
125024629
271127778
264283786
228093786
138163038
159727244
138268638
207411634
183099748
250254529
138167438
170024014
127679038
176512049
233488586
203101386
140021786
123718128
187010986
133904944
117707799
165058186
166250534
135482234
373739363
119643801
200692586
155947719
173864074
133753838
134642238
137647438
135837438
136903038
151393669
141895038
209483786
224886586
135040238
93515346
134043042
149902830
96660951
118878984
389274186
133833438
119478224
143922238
140964238
201593382
88463337
133925438
125085820
141001038
105306974
132179038
136008238
180543329
157120182
122824219
221636020
145374238
130066638
226208419
141096238
142827034
382378582
162444830
243306186
237847740
188479659
270067382
132601038
162194904
132537438
195769778
195048069
139297034
165222158
200408586
163778186
142539838
116881001
150056494
201430586
133845438
126060238
236054986
169190099
118596186
194203786
128899438
166758139
97872556
219100582
151065733
152055240
226517368
222340573
127413029
137872238
186167782
128857425
200112149
135685438
145173838
98020541
238801786
164499229
102838156
138400234
136837038
125342991
155407328
181565999
153545709
127208231
151068054
340279786
138317038
203374489
129378638
132674238
146466506
142271038
138302238
126659825
190164986
205160484
109509382
326915786
81637307
268714957
120572228
122849014
128256238
126449834
214367382
134523438
181634939
133823838
190025782
180628879
130527038
132758634
150145714
125999812
108719361
259357386
111031794
158104019
278992586
133552234
118472207
129734238
136552634
128284238
131675038
191594582
132616234
129791038
111096189
213704182
217964958
368392582
132300633
179855768
135655434
148889639
188632529
134740238
353528182
143980470
127522069
175136538
143631438
117296196
137412238
149209438
126663416
135985038
157324070
293994186
130798234
115890184
195246929
145416504
142822638
218553759
140517434
181448578
145719734
117801804
192776539
111272176
137898238
220210539
157072910
128133411
157906860
180010904
131543838
202022849
108972587
147127724
138139034
176720914
134913434
139688638
194547709
156910450
136172524
244714554
109167791
132411438
154272923
136909038
137209438
139888638
134551029
130500226
140899038
207635701
130952638
136909038
253174986
127298224
402526586
130316238
233981769
129357034
195519689
129685438
134393843
114774493
139093838
139057838
135941043
270320186
226768557
224940504
138415038
129921038
249642186
147104238
182666973
118568976
183182986
133030638
219112586
223632586
183711386
132513438
175089244
148921314
133289438
207016586
149409714
188739382
129381034
94127746
126976214
117211802
127509796
162325689
175849719
275984582
121180578
187314919
140332234
216692582
171432586
224102509
205264586
318112173
99612574
132376238
228406986
162453249
145342479
265447772
399184586
139463034
138575443
420736582
211815769
117707808
195584129
165217690
136174638
132928638
121431014
125728638
169696538
331244186
131633438
132257019
129997838
205748158
137280234
154363609
280860186
128928079
118597411
167632854
99673757
137355038
137499838
130278638
126642638
131711038
171299679
201160559
107455391
125266638
76097296
116413014
202780139
133155838
133470638
118777401
165330904
196898929
311702586
132497834
232283786
140217038
164040572
239404986
313052982
128725011
242397386
130536638
122506222
110634581
266708949
139941038
238364954
128791438
139385438
277136186
128819834
129556638
147172239
140135438
119721018
131933429
144603304
167129319
126288221
93253726
133454238
135162638
201754186
183500559
153280104
210670909
200576524
136900638
191005714
132249038
98681752
130098619
140781442
134638238
276880582
164089250
497654986
134883038
130417438
155491649
235006972
133069439
142444938
130623438
138602238
176863639
304720586
137173038
135717438
115755807
138567438
332163786
178053324
135727838
206418182
130812638
154318489
256467786
120257803
198760044
120812206
182621989
126589426
231007730
142108238
246303773
161328879
135062638
138651834
128461838
132085038
170378539
144814238
114934577
70674076
136272238
128113829
183065259
202224919
149164410
155023314
140808634
133563438
131312238
164460553
156208129
126961834
165903265
130147443
164861689
137427438
275638986
143441038
134414234
142419434
150488399
127651024
136627834
84966926
90151336
174615599
146036444
213322499
104476576
191634982
135308638
154786419
108188966
108713366
134307438
355727386
126848638
125192619
205412089
140815038
296967753
253706182
214969382
132942238
136589839
118629821
107449344
138543329
137431438
123813834
132406234
119269007
101045356
370691786
356970186
135381034
236129778
142986634
137921821
254956582
259179782
136451838
165909609
153936810
508650186
320808586
132592638
419202986
282184879
163783038
222900982
139553038
268008186
161369759
234320573
232273274
118677796
178619290
121162549
125203438
136554638
325209339
213571786
145396238
431130982
143218450
321253386
140989038
131030238
158242949
127839830
134151838
255963786
146933604
122137016
186358986
217437382
210977782
237192163
177495649
130091688
128109038
188185299
363090582
128311818
139754234
201834186
127202238
134327438
131921434
262422586
108322959
175043782
246326977
144640049
213175782
346919786
136927038
130508625
165531289
126172577
188769382
150912586
143452243
124060868
129789838
148446019
152918986
131787034
138990229
81545295
131475038
130892238
135368238
189023782
138246928
165390986
165018586
267189782
253480586
193016519
457674986
176616582
260915786
269661386
143592158
257577782
216435304
163297754
118009399
233487386
222851386
272694982
142532638
137203038
219261386
231642982
128041439
218106182
140266238
146267604
255238582
232643786
134820638
165625224
138028238
135557438
186811649
284032586
201198573
134978238
122260206
298266159
200563786
141017433
284182986
201990164
216687709
136719438
210470986
161529290
220149386
192096043
146854400
138237038
137048238
138999434
357664544
135113034
194306084
165482410
137397838
95078956
125711834
128066238
140725353
245919782
124434626
117165402
310679386
195469386
129869038
128727038
141007834
309808178
188370582
174547279
172328468
131117438
136748238
137677438
132625438
127962638
134674238
240387786
257262582
146979679
134375838
129881434
131390238
120673005
127598634
130391038
130119834
132217829
129779834
193888149
124013038
124758599
130737838
325958182
131477438
81116106
132477038
151411314
138027034
312185378
132599429
130517838
138761838
120823814
299861309
141181034
133360234
137045438
134823038
135594238
130097034
120812221
151540968
319270182
448451786
131729838
136104638
164449324
133730238
139901438
160247210
350931786
128948238
153373194
129161038
130522214
199129299
238774986
261699786
135601430
142343609
139439438
207801324
147985438
138839438
134921438
130304238
226684986
194690128
181344148
150960439
106496960
160942186
125999407
228286986
180794582
157840953
196880924
292417786
132154642
173106186
118002981
129537838
137149438
290156186
184601386
240934986
141047679
338355786
254482986
172927724
247193378
132531038
141977838
130368238
339191764
141219838
94005736
127883838
140316643
114268187
139824238
234051786
147897240
131797438
127814624
136710638
131999838
161798060
137182635
139975838
153049329
167765594
109256990
194083786
146015610
211484186
136722234
133810630
125353838
97474951
208768133
199618182
141408634
134020638
131266238
131729834
176106948
241003382
137130634
123006625
137073437
133707434
207435386
370772982
194864079
193510449
167108070
132748638
135225838
153851639
197755754
179616134
138378238
134871838
102800971
131529438
144444004
131951438
182839599
186256920
165372389
270945620
140367038
141388234
357175782
210576973
129805034
108071748
130123438
169117339
120405408
129363838
134416238
166360079
143052238
142093034
137635438
125749438
146199438
339858586
260468973
128398638
119027415
136473038
167562499
105259375
198356870
129121434
132909035
124228209
147448809
142693386
137163825
111440934
131312638
169870519
137531435
213627786
192432809
276635786
98137760
170730158
232190986
179835250
135410647
133143038
130747034
96145752
205249759
287883786
200411299
91802149
117433409
126041019
80568106
137760638
111633401
345411786
195970586
109321797
109558976
104000566
136233438
163748139
203326153
137983743
132217838
137630643
135741435
117550999
129983034
135505034
130121438
128038238
222774986
119486629
138741838
112112602
251560182
156299694
131517838
201194186
89895731
130666630
226909386
142916638
280262054
160216869
134114638
345574186
298266182
367297786
182751314
129705838
245952144
165719329
129994638
162159219
231673729
192787324
135818234
272685786
183833339
128191838
158594020
132162898
138771438
142638638
137840578
191651382
304562978
132937438
271068186
232270986
368382586
119918601
347101386
452136582
124129438
95161739
293496582
174010548
113745391
93992146
241056158
122210619
141079438
107167775
126732207
128602238
154361782
167673270
118720143
138043438
129771034
131163829
111530984
185068420
97908956
183391644
132997038
107781780
130843838
181984935
238643786
128047438
264967386
157162470
97819356
132387838
151408919
134142638
147415309
268825382
121819824
126283835
138135038
210634154
160520074
183504894
154745270
177452889
134168638
423568982
190578889
133946238
228634186
238058474
202596484
138032238
399836182
247015382
131803034
143287838
212576544
202118182
281960182
135481419
190288982
201590986
111761801
117408969
177805378
118087810
138561830
98185679
221302986
142053438
101209356
236191782
161883219
159314924
220960178
108820986
127961838
299039782
168595324
133609038
156682553
103477762
174549329
139619838
185180903
136793438
174718000
125407438
127831438
206047734
134272230
193662929
348662986
133810238
124747043
131382638
131301434
129421038
133387830
155307298
192577777
125837758
130693838
140090638
157616899
125444238
204383713
297606986
121617034
127473034
113746567
213460182
210484829
201590986
113100599
243267786
180147289
205382586
132211838
175728119
130858238
120765411
185051786
169313259
172507298
138101438
154424914
165112148
170178134
150642969
128081838
270531386
186858139
130913438
165536059
135823029
126511434
119397830
133516638
117487376
138115838
128562638
143466638
109496197
134068630
136204638
220518514
188226182
234256982
143671038
137832238
125358629
353796982
102482964
266056538
170160069
397263438
196048890
154531619
200003348
181853763
195214578
116148590
130573038
230214186
137687838
138537438
122940619
202529669
345628186
252981386
133117038
135041438
104566159
120391804
185872982
134684238
88555336
134886234
151576414
155508499
134394238
139748638
123759416
126965259
628917786
111910206
217372394
218322860
154997214
254378839
252821679
141733034
304472982
208136804
392924982
134021438
129779834
137165838
121726230
192530934
125529830
124828626
93023755
194496104
131747833
336576982
130637429
254601382
130837838
97076145
124206238
146896238
151447309
156460529
110100192
115825782
131526623
146009438
113221798
83318117
145105434
223122582
149163209
180508074
108065757
141618638
128594638
343286986
137689438
111264969
169888059
182991209
278053386
121360714
274058479
135863038
193040944
133549829
128397038
142307438
129419834
135169748
352476982
157957768
255195786
272358986
95962483
157510049
143775773
190122168
138864643
139786638
178832986
133364638
145727438
165915244
98650965
136598638
128399029
120488489
134666238
131526638
239914186
166288800
124342634
150120400
249812186
126636238
203515382
126906638
142257438
126321038
200080582
210869386
368515786
342528153
177692973
70322465
135334238
127867826
399184586
142831438
179244973
220153378
135320638
135177438
132739438
140011838
201116978
142868860
158690009
157533782
140128238
134687438
130717434
127049038
136506238
130032238
130685430
179071759
117079386
128999838
208914870
120635404
95623356
137645838
179329768
252066149
288249782
170438154
126175438
134251821
178568553
73554896
242689773
133603038
126597434
221040573
131064238
98606566
230933378
117943415
159801382
205411786
121316629
143098638
195685319
171664558
119318996
139200918
130852638
128835429
140242638
133677038
131820638
155792880
159644124
125086548
129778238
124068634
298448586
127453438
130017438
110059786
164454139
111127796
156508049
139319438
135777038
91510930
112204597
142033679
334860266
187059184
136911438
138946234
486045386
215208434
139685438
173687382
124059429
215866182
128258234
124799838
118611390
160750944
125318991
143482638
98586952
109984244
130344238
203398534
243149382
138823434
204306578
128172638
218224143
141236643
119108205
125483434
117205812
135967038
265354182
138423034
182297309
179609378
134560638
106240196
141849838
133171443
335347382
245657378
138062638
119783659
152564844
171820573
211575679
177414154
116584197
204710986
180292182
135499038
145355038
278402186
312441728
132870634
133799038
288920986
181759689
138342638
138887438
196529309
90689357
144019209
146000854
139349438
291488158
146440566
104353346
283699382
191744586
137137438
201982114
148995634
364306573
116647801
213838986
158096059
106447787
128743034
133651038
273296586
129724242
137997838
190457689
130389433
372726986
108829786
189040939
134929038
119731017
245584586
132732234
133861034
199184586
186686986
104874161
198992939
143514238
144869439
137203843
129993834
127378230
277965386
126524238
267446986
139416638
175861328
161087709
132359438
298716982
137309838
191325684
144300410
190233359
136256238
139989443
131675289
119734228
137799834
142243710
156711999
170171324
103508161
246647382
217373763
133990634
129845834
222630986
142271838
113996191
133725443
115618209
128048637
132061838
184283318
198096586
108472182
128943029
191259386
127536234
131026638
126569424
148575438
139926638
130047434
304106186
339198586
134271038
116105406
130452638
137844238
219109386
239164182
323446986
136313038
208624919
143080399
128269015
135569838
129190638
137917038
155120919
245477372
130073434
179058529
334595786
137135438
138939038
162164939
129037843
147692049
129827838
114861395
150198009
138200238
144119438
200139786
278472954
353552586
136741038
140275438
310351386
271282958
199364182
142356238
134883038
326122186
250169382
196716899
110837210
199920879
300263782
189070178
140635838
130753838
192616182
133769842
151459689
114860191
202265319
152085299
132934242
144474238
271009778
117328854
141213034
157970553
350533382
138257434
137351034
171528548
135031838
219152586
131592230
161022499
184727674
266247689
237743386
172593300
125154607
142149829
127758238
124250238
229187786
206766524
129135438
137805038
315654586
134255429
133672238
110502981
137607038
191486908
96686545
143505614
144646238
122506221
127587038
99533351
113565794
264806178
129235438
240184182
133870238
152230128
179280844
131569434
253278553
191462039
163415269
181933369
98616155
154826449
138631838
137297034
281247344
186292949
131693838
196611786
84545721
211864586
125989434
123003825
101451366
139156238
128689838
134872630
193960586
103060574
123386548
144633609
137403838
154657319
168965294
231666869
175778089
131977038
114462594
141247038
137043038
90929325
177455104
117668210
138235443
376784586
128672238
105596581
116927815
118171414
138137438
87313701
135494630
581725386
182177704
293311386
139709834
139546638
156543778
117562186
119721385
133602243
189839763
279140582
283192182
217144582
159924899
315480944
155464518
134001038
133468630
221263377
159406986
128566238
127142638
157544933
129104634
276446582
203120519
194337782
131855838
130788638
101042962
140648478
218999382
104378945
114426594
217764139
106348159
142098638
239965386
147221768
122432638
279567382
197653349
179165704
201843786
265374982
154350009
362831786
261753310
127994238
298984586
911695430
144227634
347024586
141529838
156761339
117712607
148970444
112476199
137401026
193868559
136329038
202639786
104674169
143666638
142519038
336659782
271473386
202470573
221376159
461456586
298468582
279726859
324993782
243733339
200848982
160128000
254941664
166892394
128909414
176007782
129696238
265987786
136229438
276230182
116305389
135632638
140071038
123497830
155460414
135030638
139910234
129933438
161040948
144879034
133071838
195944099
123435833
139425438
132033038
357955786
236478186
234940982
122356609
126705038
140632238
112028990
145840638
139672638
189305300
245979786
262268186
234026186
840089339
208632582
297125386
78260096
202732582
222019786
138585438
299289378
131069438
113906999
129455438
148185309
135005438
138831438
128012242
139141438
147784019
138448634
132653838
126947838
127650617
126665038
214263782
122587425
100389762
140506638
254198986
230979786
246137764
96795365
153238104
140933834
246838986
381341386
190741777
177952034
236944186
135043038
108158596
167995334
142635438
133623034
178610144
113976975
138189038
184511609
134527838
140404218
298636182
226634186
236548094
227107689
195100494
219669309
121693811
178158829
149008830
132429038
128434629
158798860
346755786
258757372
135715838
147663438
168556124
111845761
107896984
161729329
349443786
147904020
222940586
131372238
268571786
135113838
127888238
113119381
217597314
238096940
96435326
116850199
136550638
183154949
129705430
187052582
209519659
170224929
138778630
112338904
131030638
301229786
119584185
72872085
162971782
167332177
136340238
211622986
129853442
130310634
189369382
128485038
140463438
189188948
171832934
149657349
241665782
133879838
209961704
142397838
130008638
155608820
227161386
137203438
129921434
140227438
102939751
142283038
126317434
137845838
119663416
138919434
114132186
201142939
131404638
138949438
104319371
130879434
125965038
107662975
105647782
102893766
141193038
121935420
153728000
130182629
133539038
137842238
137435038
240115786
171421773
134027842
126497838
115674210
99994561
192398953
145687619
136007034
124721433
121146621
136769038
147696409
237727782
133436633
130521828
124449030
206689382
322535782
185102840
127532238
237093750
129823416
131923429
142547038
146128830
237935782
135689038
141469038
124789430
140667838
125493038
148069438
138255438
144889310
123807402
109678989
173657724
186856129
239866186
221059786
157576499
139879838
131616626
125361006
140708109
131955829
149043604
162736849
297570029
130749425
132587434
134711038
218697386
116074612
140652928
135900238
133632638
171915778
132093434
130966638
284644578
124609038
190657739
253258186
136049438
124507038
140999438
106295361
140674638
127641029
135881829
124765434
137013038
149924573
210081386
174536519
103958152
145006948
134382884
258808168
139878238
139715038
134505838
137177038
139340638
134824099
305830149
137282957
243943368
201827782
235507786
235960173
169408104
121321816
205782586
187714982
132211038
131482638
389456586
137917038
223299786
103148162
158521739
142981429
102962889
129181038
129085024
133667838
156548444
125935034
101346967
137351834
140198172
134719438
321327786
132519430
129298601
133075434
95666544
115115402
221546186
90211321
247709674
128789438
158176084
222340173
122403409
132699838
344349386
133501438
123266199
243982986
138546238
136689034
180193782
139006238
129571038
208046986
288170582
131102638
118567019
175808020
139690238
137913314
139945038
137835038
119317425
138453438
132875038
140363438
100800161
117219284
203386543
134487038
129037038
144017838
139799437
141712238
134455838
239368529
125373438
131245838
135462238
183831349
158184400
128514234
134490638
113472189
146054238
237288582
280252919
135347029
132793838
129834634
138051838
255828578
135157034
321093782
137485438
130584238
125057409
157867714
129470638
207306173
139849038
134643438
128795026
201881339
129149439
92548134
127067415
139509829
128302638
134588238
124656634
134809438
212400129
114343816
135707416
115377787
199737334
160436849
232054986
207261782
107391766
120842610
139807031
297603786
249642186
124884630
174566004
234683782
103012157
130582629
139109038
128253434
184346186
273296586
381567759
94679351
120949034
220876128
115215807
191013199
398787786
293430986
293686986
341226186
394525386
227330968
136236234
131619838
122097289
149635989
132018899
115602988
183035279
287568586
150595728
132268638
106104167
130719438
99192957
143645838
238918163
253392586
195079773
133005438
254078986
134368638
397059786
98032141
101370166
137804638
120344133
114759006
269945372
131261429
182009220
132073438
244867382
136361438
139278238
251108582
256934178
200849386
136528238
129706238
132785038
544057786
270449786
125217834
129449830
160533279
141173443
283188109
162748134
295133386
143768938
286071382
132793834
129933438
131431038
129623438
281126539
124334229
117805016
132572638
91801341
133664138
219092982
146269600
137217038
215553749
174130564
159848514
129203038
118729014
145059043
172054469
362883786
133145034
117362614
129625038
128044238
242691786
127017038
139926238
116914982
185556914
142830238
256003786
315366986
130627038
197815353
207175749
167018573
236603729
254359782
140996638
268874549
256082982
129905843
144217838
133042638
118179801
141680809
129041838
171525371
167048549
117549015
122406229
127189038
136097438
104555774
212662986
234296178
170312479
298139786
185629386
116194965
128783434
133260234
257928569
356087382
176452104
145119999
158378460
128537816
310735259
142969438
154103619
118810215
214134586
137436238
118316615
131171038
141223838
116956215
125594638
219663782
133939438
140725843
151620090
144709639
133329039
190199599
140917249
157448429
126584225
93792941
175483370
145244638
137320638
129371694
140605838
321690559
317397782
221663382
129185034
180012829
243647343
212571786
138931438
127241038
136507038
145279038
138639438
211282900
226269386
113944596
197614510
222532173
134463838
130839438
120702600
141030638
126825438
139176238
148424548
185557289
127589833
184152929
254813386
139839438
194229386
254207699
271995778
165622084
137223438
131341034
135666238
125241728
287747786
226125038
120795034
161516859
123273825
134850643
127179838
142617279
114188171
125245838
316679372
139628238
130975435
136883438
129931438
129859438
126022634
121531829
110552989
142439838
123631834
135937438
157871382
90218935
237686986
198402939
277948182
132187438
128945025
185401382
273640182
122559819
287440182
289700168
100683741
188994524
310192573
134475038
193040944
318646986
195342129
186931782
136877438
119849420
178326089
159487333
145924419
132637838
129965038
130377038
106360577
99562099
142824238
126300238
128645438
129751038
193854986
125749838
136152234
106257767
204982578
125720638
151266139
108759790
161510534
126342238
252815382
118614220
279793786
147528182
199204182
238979782
291087782
185915382
270301786
134745838
183347269
145049630
138687438
140265438
130895430
225262514
136543034
150646104
151784500
121939400
143326514
126129834
131875829
158768929
286537782
91550125
117089804
111608997
112607402
182825786
186250529
168731344
137019038
122743024
234410586
135333838
139911773
215037769
135613830
122170629
135952234
251532982
251161349
186175659
125452630
126880238
122703825
136587429
165276869
137759438
169553782
143187358
235929378
188265249
137802234
136428638
138409438
130259838
208605386
121259814
131709838
225283786
161689339
138814638
163800973
238702510
139878638
125693830
291866582
165088898
206621386
112206998
247547382
126397838
117447406
139226238
208492564
131800229
126808638
232652186
135315838
87198521
163415674
129528638
151182986
216245386
139789838
133067038
131596238
125508217
346179786
182662986
147370414
183916582
133072238
155425650
208633382
205240548
127887438
160639279
288364986
122820238
180952133
161087309
115768594
140407838
280375782
129827834
191732949
163564953
309404186
132336638
294556982
129919038
122635014
142525038
144808238
183767674
201154186
127632634
133627838
146913999
272137786
189494177
297704582
126183843
167782139
131336638
131018638
140001438
319524553
235358964
131097843
197625330
194677364
254982982
135170238
177192582
134833834
215771386
118129810
134307438
136709834
204228154
139315309
120883024
137050634
155657234
140505438
178416978
164671669
266986186
125576204
141408124
133653434
147838499
146162986
127255834
252035786
183752519
120441419
141634638
141180238
130580638
131937034
129281434
153297279
211553782
150976982
237602129
102691765
270864986
170969329
355466986
168875669
230286986
167206497
186456129
144008509
131258238
101710547
126163834
146104238
140346634
111064166
101045239
173520904
217891382
183334586
129560207
171639014
132361802
156119649
236010186
108749366
256886986
129627420
210656178
133791038
138649838
209384875
137236638
1012008186
282768586
122372251
120076616
142034634
177686963
204021386
300257786
200534499
146704820
295197786
140216238
144109038
125638221
308188586
255882582
341323319
181894168
148443473
145565610
270566986
103248157
135111429
116974201
149833299
178305589
123467423
185962470
161764109
114228196
141155838
132402238
131949034
440058182
140266238
138474638
138664238
189154019
130077438
127035834
135465438
146042638
152008399
138853038
191824586
204919758
131825838
132036234
112095762
127872238
82434911
137235838
133952238
276672139
101441346
106642177
311171786
142036638
161287318
131153838
260722929
124167838
201276586
107811771
125370238
136964638
96387357
351674986
131407028
116930985
169200919
78292086
126400134
125074230
185629386
299768982
223974849
175336484
200844963
220348034
209254986
239547778
219173729
133628238
127737034
116565830
