176791679
138742509
142303838
123567425
270059382
264323786
227972186
139075434
163088850
144604137
216923654
202271782
260055339
139685038
150719438
127785038
168000044
233488586
203101386
140334586
124078943
187598982
128787797
131862638
161514177
167699743
137419838
370891774
122978210
200528586
158809329
169465274
132156638
134723038
138142629
132071438
137836238
153087269
138028238
209603786
224886982
136547438
90584538
136172238
147516024
119058229
134499038
392185382
133302638
126437838
143627838
144250238
199421768
86933344
129808234
130029834
142209838
112869006
129997038
133778238
171371318
159801382
129679430
199929609
141963438
132375838
226248419
140263438
143545240
381200586
162485230
243306186
225768124
187417259
269072586
131247838
150206884
130549035
194468178
187139254
137379038
167546962
201425382
164562586
145330869
126825435
160552509
200986982
134373038
126785838
241144182
173076899
115857324
194203786
129720638
171505739
93626150
221649786
147006642
152014840
231012578
217458968
130710238
135945438
185926982
132021042
195385344
134212638
143893038
91233731
238720186
157839624
119617802
134757039
137713038
137485034
150969324
226302262
151350904
129349434
146145442
337040586
138304242
190077274
131795834
131819038
137778238
149424828
140049438
126457034
188841782
216904499
109212186
321296586
99149371
271099363
124062238
130633038
128483434
124215038
215014986
132842238
178802128
134717438
187599786
179748079
132150638
136969438
148921314
120093010
117151801
259357386
120441417
156056019
278992586
136647434
126255438
128507438
139601438
131117842
132848638
193511786
131854638
128863438
120449019
213418186
229295378
364419786
135779438
172436554
139727442
146831239
183086929
133048634
354534186
142039038
140969834
182809359
141238643
118026613
139545038
150136784
133519838
135592638
154223259
293994186
129884638
134106638
199598938
142117034
141365438
216624949
138646238
178688178
141782239
129021834
189574134
126447021
138478238
220797738
160512109
136210625
154276059
175012504
126933834
209559649
103532172
145900524
137255038
182576929
132475434
139856638
185972909
157470049
147913743
247556154
112849401
130637038
176810586
136495838
137452642
141010238
136397438
133049438
137342638
171568809
130009838
139054638
253174986
131352238
398486186
130938234
235802569
127123434
198438089
130255038
136567834
121884201
134475438
138675838
136787838
271429786
233335382
239974519
138358238
129736238
248962186
150448799
181362168
123494597
181503778
133095838
222223386
224580182
185561386
130483033
170359229
149533714
135785038
207056586
150848119
185400186
126942638
112717402
118728592
126973038
139827834
160684889
174564129
264600567
136065719
187314919
141605838
218043786
162192563
222548519
207462986
300102952
114005820
131287038
228406986
154978444
144552238
271620982
399184586
136636638
138797838
419424186
211154970
125302238
192450134
164976889
138209038
129922638
130500638
127774238
173264548
333287386
131470638
137753438
131028638
194958534
133572238
152004409
280054986
139401438
108796186
171541259
115752524
138737830
138764238
132889038
128411038
135493034
180548100
207504964
114595416
126404238
91490157
125101434
193209324
131552238
132660638
129640638
159523289
192383330
310840982
137665038
232323786
140567438
173694982
236699786
312211382
131683026
238386978
129815438
125147030
122717412
271940548
141528238
233234148
130051038
137501443
277276150
131319838
131407438
141879038
139987443
125743434
133175034
150918919
172738534
117527392
108642972
134828638
136222638
201834186
192315370
152829309
211805309
203312929
134685038
199209729
130211438
86915721
129786643
140750238
133997834
276675786
166726849
499215782
132519838
128181838
150828044
241312586
131595838
139613734
117631403
138854238
175532044
304720586
137778638
134949438
125120238
134183438
332163786
175788524
137991838
208531382
127090625
151813279
257346582
133047834
201527250
132701438
187434799
136326634
236764529
140766638
249113378
155104864
133992638
134831438
131156638
126533025
173753339
142665038
115401782
90006942
138131438
117261404
185420060
202839714
145483838
158176129
172437074
127507830
131627838
159205332
155769334
122539429
177945679
130368234
167281289
138095838
275844186
145484810
133942638
141695034
148159599
128793438
135736634
89790142
118316212
174655999
149010854
213322499
106948591
194898982
135407838
148238635
97314939
127539438
131998638
332390158
122113026
128706238
209766099
140852238
284894138
252448173
214928982
131077838
135935443
117973816
132125033
138995025
135475838
126503838
136437038
128523038
113970594
370691786
361933786
132849838
227161767
146481659
146011733
254954982
258295382
138123438
165829609
146480638
508650186
318941386
134983029
416579786
276238874
204497786
221547386
139062238
265476182
155871754
229936968
230962474
144648580
169770084
116996138
126231038
158908970
327897339
213571786
151386539
430966986
142047038
320464586
140300238
133141039
160208154
130674238
133707838
256208982
146855199
122388620
188296586
217232586
210611786
248189778
167799639
137957690
125782638
187289299
366851382
135651838
138409438
204649786
125997038
133559034
131889429
261647782
129480638
173947382
225843353
145431649
215746186
340227786
136283038
125443401
163308494
147264586
189123786
147719786
141494638
132479824
128049838
144211438
153404182
132205438
140453439
106810172
132648238
131212230
137577438
183972577
140553025
165430986
156436963
265270986
253520586
191246519
440539772
179687782
260995786
269661386
134966133
257373386
224966110
154954939
119927406
233447786
226806982
272490186
142215838
134480238
216194186
233243382
125525033
213699786
137087038
151940010
257461382
232643786
132662238
169007229
138422238
135022639
193370449
285144186
207808186
136380638
131008238
263910119
192846568
140546634
285440982
193042944
214968914
133048638
209403382
159952890
222388186
185576424
144821438
136920638
137572638
142716238
