176057280
138214230
142009838
126959834
268247378
265318982
223334178
138821438
165089650
138394238
218110049
202229786
261318144
148116344
165373619
125425838
176472449
233488586
203386982
138198572
132987754
185836986
128384129
119663420
163664586
174130953
138476638
365204958
102585347
202078982
164334530
177728079
134588238
135173435
138902638
136847838
140026238
156957268
138569838
209603786
224030982
132978238
89461727
132939834
149582024
114086210
135637438
389598582
131394638
124369834
142660439
138458634
201433378
80827712
133491034
130962638
140993834
114090202
131621038
132404638
164153304
159129786
131875038
215273614
141819838
130277038
218007614
139313038
141783038
383430586
147733438
243590582
233888134
188518460
270106182
131582638
162963309
132121435
189962163
193636459
138879038
177329786
201223386
166018586
145090064
128815434
158442109
199280978
133309438
127638238
237776586
173236908
115050514
195006586
127064638
162884528
108548982
216673772
144230230
145303438
230314582
218333368
130639038
137818238
188007782
133584239
184921329
133224238
143647834
113960182
234037382
164177224
107628181
137295835
140452238
137994238
148528509
168959594
152068509
125639038
148575654
337040586
138614634
197064479
128936238
131791038
138365438
143644243
142008638
126641442
188841386
211705294
121267420
325921786
93955347
283350172
127274638
132188238
130175438
123529042
212704986
135707838
181393334
136976638
187395786
181710879
129507438
122850601
144151309
130583434
114995010
259520586
121525020
147583614
278992586
133359838
127999438
127415034
137796638
125293025
131654638
192166582
134499438
128587038
126238638
213418186
231590978
369527782
135485438
177486569
139597038
154311527
181824518
135030238
348931786
141455443
141086638
179763353
141750638
128876238
136226238
151604789
134077038
137069838
158720069
293994186
129313838
132031438
198832939
146230509
141081838
222054159
142237438
183287778
139205838
129499034
191996139
123515012
135851434
217284134
157583549
138158238
157049259
179244909
128732633
203321244
103946167
150038928
140210238
182416124
133565434
137563438
178430089
157591249
143676638
250758164
115831802
132334638
171076173
137371838
136161034
139415034
136737438
134494643
138576242
250290982
132263038
139488638
254030586
128671838
397110986
133956238
235803369
129917438
186363679
129653838
133923438
126369397
136388238
139037838
136447834
275146986
234182182
243206124
140211438
129064630
249887782
145435038
177617358
137413838
173883772
132008238
220790586
223632586
183916582
130548630
169778839
146883709
130952630
206936586
142726914
185922582
127315438
101326575
132957834
126601438
138799438
160144890
179799729
274832586
143457334
188134119
141703838
219235786
172664182
226380519
202796582
305141363
125179030
132978638
226109778
158594449
144236234
268695778
403072186
136839038
141273038
413650982
211454563
113565392
195382138
159537269
136517838
131971438
127367038
127427438
170683749
330243786
132400238
137481834
128656638
189373729
136457038
152044809
278164986
139197438
125347838
169686459
114737807
138659438
142593034
132601434
128542638
134319038
183725299
206817764
120438220
113294997
98016587
129325438
198484934
132651838
135099034
132054638
158282493
192907729
310595786
136620238
232323786
142188234
167574973
236739786
311926986
137068638
245918182
127560238
126767038
121563408
269977349
139271835
231673749
130843034
138269038
277814186
130813438
133001838
145898230
138596638
125030638
132885038
151652119
167993324
119827406
109641373
136123438
136961038
204689386
188578564
150844498
213548509
206207739
136837438
200456528
132659834
97429357
133080638
141797834
136667838
276675786
164647649
497899382
133583038
127798638
150916737
237945382
133980238
141625348
132988638
140373038
179050919
305863782
136410638
133449434
127080638
137099838
338206586
175466914
136681434
206173386
127905433
155948490
258103786
132596638
192223629
138554638
198078399
133262638
230967330
141007434
254451378
158672874
136775038
136636238
130737034
131871438
168836134
143909038
102453352
81637706
136343438
128200638
179673654
207398918
146426643
162766119
144070813
132931038
129231438
171718173
161486939
121810230
168914874
129128630
174984504
137442238
275638986
146718638
136196638
144313038
148360004
130980238
135619438
87644927
110474587
166864399
151047659
203901689
108276195
194897386
135719438
153870820
117661801
129670238
133566238
337527363
120023025
129303038
163808238
143019434
309897373
256843786
212611786
134561038
137168638
127303434
128247425
130910214
137976238
127327038
136623838
125898638
126452238
374076986
358446582
135536638
243048186
145189438
145460638
251496182
258090186
138765038
166190819
151694810
508650186
318941386
137491438
416579786
298695294
204377782
222183782
136475434
267149386
148165734
233716978
226201674
132086234
173268889
116294972
129056242
136986638
309904924
213571786
146974238
430966986
141455038
323272186
141131434
131099038
155316949
128746224
138797438
258745382
149205209
128181834
188217382
217232586
210691786
249232982
171192444
133680484
129644238
182448889
366727786
132628238
137276642
203181782
127092638
134909838
132661838
256803786
128627038
175592186
241836182
144043834
212278986
340227786
136832238
125062609
173084317
129556933
187449386
149064122
145210634
137244638
128346238
147248814
154701786
127643429
138025838
92765332
132250638
129543042
133276238
186252578
138957838
165350986
162548977
265270986
254414582
157949039
452555378
180956186
261200586
269621386
133884987
259123782
222742109
150544934
129884238
232746182
223632586
272490186
140981038
136404238
217024182
231043786
129923838
213699786
136653038
144535438
259142582
234604986
130466238
171344830
140604638
137735438
191346049
284072586
189605348
135212638
131125034
293388958
196340977
139715438
284506586
205010964
217688509
134267430
209714186
170301587
221153382
191855629
145828638
137778238
139297038
141953279
340415739
136177038
197505689
159274404
139935438
107158983
129487438
128231034
142664154
249276582
123542634
120283020
306499786
191634586
130395038
126869038
144666089
297561368
192165790
177595280
164110864
133360238
137455034
138975034
135455038
123663034
138651038
240387786
258542986
151675284
133248238
131509038
132647838
129895029
127077038
131027843
129857838
134848214
125476629
193928549
128401838
120768187
131334638
330410982
131062638
111268983
134527438
150920114
147824159
317543782
131611438
132371834
134611038
124957430
331799349
137892238
132990638
137078238
138956638
133440638
128650238
119857824
153313382
311705378
454288186
136784642
137633435
171519734
134781838
139504638
162536410
354585786
128119038
158568400
131743039
133270634
198888494
238774986
261945382
136867034
144541838
135612238
214894293
158015999
140456634
136032238
131985038
225742986
192680524
185022554
148690238
131173434
160982582
130001017
228612182
177271382
164160177
202233334
289232586
132158238
173890986
115958186
131899038
139438238
291296182
184102986
239447386
144235038
338072986
250476582
173736929
249759778
134003438
143164864
133802638
322572548
141280643
102081367
129603034
140185038
112822577
137531438
234051786
143756238
131808238
131648638
137155034
131568238
160435254
138739438
138394638
155688930
170596394
117595020
193808982
146824409
210883786
139895835
135354638
125138238
105661372
231920978
200185382
140846470
133421434
133100634
133626238
175577349
236948982
136550238
129067838
141850638
138180238
208938186
372980982
198143279
192223649
148572638
136668638
131520634
151716829
191414953
177704548
140329034
137539443
104472171
126453820
146824409
130153838
167639584
188272518
156225589
263246820
140558638
140824638
353782986
204930163
129739038
129499430
131366238
173672939
126152225
129063838
134349838
170008089
143393038
141650238
139111834
130041838
156226010
335518582
265244978
129721838
124027830
135440238
175064909
116636607
192868069
125633834
133707438
130032638
146628010
142733386
140778638
115327696
134607038
174202518
137887438
213177386
201040810
279567386
106756572
165407348
237158986
174410449
132910638
132264634
131033034
80582907
204428559
289167782
205266904
100962162
115214200
130945438
87274126
136513038
121863838
351798186
195052978
104280567
127662634
112527382
138749038
164415334
196560934
139434558
133941038
140612243
136009838
127773438
132265834
136323038
130262642
130689038
222774986
125772638
138789434
116903025
250038986
148631279
130753438
204110986
94503342
132487438
229106586
142729038
283779659
153520869
134934638
347622986
297181386
367133386
181543304
129931838
244061344
163764129
133155438
164295219
231714129
187869324
135449838
272643786
180703734
129098238
150956819
140767838
138395038
143788238
141744186
190393382
286149353
131062638
275693786
233256582
368424182
129138638
352721382
448794986
120619417
116159815
293494986
164132529
116840583
110826193
249721373
129130634
140415038
112193399
116790182
124201022
157796234
169143669
123521359
140065438
131716638
130789839
130616238
179890819
104776572
185657649
135679038
120775026
130934638
183551333
238765782
125650230
262922186
153766069
105068971
132388638
142889314
137371043
147294508
266986186
129196634
129574638
137236638
217185359
157002469
188064099
155443269
181433300
133589438
426870182
189431284
129280638
230417782
242182080
197909289
136657430
398570986
241273382
135573838
143852638
209878944
202550986
280963786
139353753
193472182
202419782
114297792
137443038
168070563
118684210
140101838
113784167
223432182
141956643
101846155
238572582
166365624
160724529
225201786
122131826
122076625
298002982
156045303
133285838
166815782
109871782
171046129
138161834
189823718
138535438
177538000
125260638
128916238
216504144
141513141
193744923
348624186
132856638
123971430
130384638
130387438
131034638
133977838
155468499
194856986
129736186
129049834
141687838
157743800
128545034
203920914
295670986
115453820
124047438
124265801
217206186
220188424
201713786
124778634
243267786
179117684
206487386
132039434
164153304
130851834
119802229
185750186
165536059
176802899
138608638
154144109
164767750
187686168
144087753
127048638
268621782
183144528
126453838
168219654
135999438
128317038
120197430
136050238
131473016
138171834
129083038
144359838
120921426
135781424
136926238
231658528
189115386
234011786
142224638
137025838
129205039
355808186
111552201
264968539
168127264
396338638
192928089
151303614
198802950
182719768
192731782
128723034
129651438
226684986
136705834
138997038
128427825
209465280
346836586
251975786
133987838
136417834
120172619
130584234
184438986
134633438
95142964
139878638
156068014
152717284
135409838
140687838
130119438
138429838
629038186
106282581
212347599
220579259
165264820
254258034
260894084
145926010
306295786
217385204
392641386
135476238
129899834
140382638
120907438
190943734
123465438
125852638
97863362
206218923
134684230
336451786
132296238
244224967
127365034
118202210
127801438
147276234
150514908
156541729
103877377
127572620
132619817
146772634
124993838
76654500
148326139
220853382
149365210
174980074
108374567
141226238
129001043
345589786
139126238
131056634
169888459
180475609
278013386
99834567
271231679
134979438
182336919
139987838
125432238
146069038
128853043
136744553
352476582
159446572
251024586
268857382
105254157
155908050
144827377
198426186
142661435
139231038
178752586
135257034
163530509
166316450
98885362
136247438
130677838
137183025
135054634
130783838
239914186
161965594
120547030
151071999
248335386
128052229
204750182
127833038
138451434
127117838
199796186
196601352
368515786
330108139
178093386
106531777
137519838
131379038
399184586
144520242
179952978
220153373
135081438
136907038
131407834
138830638
199924578
141348238
167142409
153290972
140030638
133917438
130843038
127807838
137183438
128534238
131552638
177298148
123448626
127660638
208753669
126071034
98283752
138475438
182008173
253211754
287158986
170357358
127091834
140369438
183598959
75960901
238514158
134953434
111536592
227451373
129503438
109926987
230114178
122235425
160192578
207888582
127198638
146297334
192953314
167274959
133369030
137875430
132703038
132356638
143363838
133255843
129843438
144523838
157193729
118610934
130201430
125994238
301112986
127937438
132597838
128493438
171349349
122715415
157550849
137117038
132864238
112960997
114961402
143085838
335618666
193806784
173006423
138910638
490936982
225294840
138793434
176314986
129779838
214002186
128968634
125014638
132848638
158747744
126440133
142999038
100692165
119965020
131690234
201398134
247270986
136391430
210037782
128710634
210312134
142749034
127335435
132373038
103634181
136631838
269692986
137099838
191728519
180208978
134823438
110315792
143850074
130236238
336296982
234005357
138633438
133515838
157228049
176221782
210781684
174500149
127071430
204790986
181213387
132685038
143111838
283600586
302803314
130702638
130815038
288093386
185452494
142045438
138671038
195566509
99070962
148206409
148575654
141253038
285536149
147615999
104979352
267168162
195832182
136959038
204121319
154758039
368342978
125663038
213878986
155487654
98062961
126444225
134785838
273296586
130716638
136630643
189310079
133239038
374052986
113209002
190584219
135996638
121883825
248830586
133852634
134464638
199184587
188974186
130962238
196979334
141006234
142205838
135297038
129921838
131596238
276015786
130619838
267611382
138405838
172606498
161964510
133017438
297539786
137190238
188605284
145056004
176921343
137152238
138979038
139053438
124556238
136359834
142668909
159099599
171551319
123923030
240943368
217859753
133993838
132227838
221345386
140954638
113269388
132095438
127518629
131341038
135598238
180978909
198056586
116253007
126419820
188628986
123832633
133411838
130313438
150011739
139008242
131239838
307076582
330412582
132350238
121552226
130617838
136036638
221624186
240144182
330180986
137985038
210642924
142621834
132082638
137163438
129393438
139430638
156451719
253250186
127237439
178516930
333616982
137424243
137065438
161762533
123156634
157663670
130327838
122779020
150078804
137226238
143008638
201796182
277420582
353756982
137027038
142405434
312274182
258713333
201480182
143129043
133947434
325307782
233220543
196957700
143909342
206104079
299387382
184916573
138871838
129630643
193038986
136893438
154698499
131843430
203856914
154709703
133393038
143988638
267048978
132319838
142223834
167021014
352657786
137269038
135076638
186768982
135424238
219112586
133689038
155623300
185049279
276829699
224664158
169209294
115761381
145672489
129097838
123659828
230108186
197614514
119015792
138621034
313974186
137800638
132081038
122027825
139632638
192091319
100449737
144810638
145934639
125146224
125553038
118448216
127055438
270490186
132135838
237727386
135122638
164780563
182353324
134103438
269314186
157733438
153781645
183183364
117774611
158470850
138030638
136085434
268799334
180703739
130471838
198896582
89623337
213418186
125696230
122050225
101730164
138979438
129361030
134054642
197347386
125666634
131358173
143048638
137445838
154616120
167515694
244409679
183039299
130532638
130755038
142728040
135147838
126905838
144328133
126193438
137281038
378215786
130808234
92254154
115440214
108449777
141567034
122060625
136431838
581929782
181184099
291459786
141763038
135430624
158801386
131768238
130844220
131646638
198003378
277454582
280113778
216519782
156503289
306662139
152963714
135420238
121257798
222325786
158842586
127867438
131827042
172286977
128264238
278608186
201903314
195418986
132713438
130175838
96965762
139916638
217580186
125185010
130801434
217121740
130047438
142273438
240130182
141168963
121829434
277000982
198809359
191056519
201923786
265900582
155463209
360516182
250553699
120547015
299024586
911695430
144193038
347024586
142337038
152676538
127661034
156601250
119849030
138455438
191398154
138871834
204303782
125556238
146988534
144076074
334342182
266969778
203944173
211114149
463038582
299346182
270043654
324829386
234737334
197963786
154773210
259121259
173683200
129197410
169390962
131323838
265987786
138075038
279874986
132267038
136957843
140941038
115916612
147953214
133829838
139555838
130391438
166388560
145483838
133157838
193954099
125277434
140426238
130228638
361692982
206799195
227312573
119567000
129409838
139805838
123154629
142699438
136303438
185652899
246019786
263399382
236458182
818568529
206075786
290998986
101652162
204531386
224173786
138343038
304655386
129700638
127339038
126035034
145362904
135787038
140651438
131215038
159030500
153887219
139925038
131550238
124839038
120426613
119781813
211203786
127506233
103945377
142522638
257536986
232032582
238244554
105743783
146620089
141910234
246838986
381586982
194211382
179280840
235478982
135653838
118533411
170189739
141387838
131670638
179451743
107911366
138701838
184671610
135310238
165908979
297539786
219567782
239966894
218912079
194593704
220519704
124649430
194825639
150928830
129417438
127685434
158275259
346757386
263096982
133215443
147147438
187926969
117078577
123233430
164522530
350568182
148808419
220830586
129526638
270454182
132349438
126440238
132647038
225359318
234656533
129652638
131231038
137034638
180883744
130906238
186652458
204791659
172616939
145065038
121502577
131401438
304553386
124954597
98422557
164875782
144942523
135359830
214430186
129117043
131637038
189083786
133571438
142914638
188688549
178910538
149536149
242539382
136357838
209092909
144211838
129292242
155406820
226320586
136355038
130811438
140260238
128589038
142458238
120883021
139440238
127168238
142210638
129392638
190670924
131261443
139370638
111528197
127830634
129243033
112012198
102310162
122925825
140483443
119629019
150136238
132496238
133703438
138307038
145791989
238499786
172530568
137183038
128625433
125863430
106477786
196852954
143733838
137687834
127941838
124917838
137799838
145909838
237727382
137664234
135339038
129827034
206566986
322536182
186201640
125309438
238852546
134791038
134326242
144665438
144172238
237123786
133118238
140832238
118281002
138753038
123789826
147901239
140609038
146809310
121769006
94990531
165032504
183710915
237162186
222632186
159155299
137557838
138276238
132995838
142194238
131728234
146773999
171741660
287737629
133822638
118142607
134995034
218858982
105790591
159891786
135291838
133781035
170974986
133089434
129789438
281527778
122321838
186497729
251792586
134821438
116747407
138865838
129101838
137950638
126413438
136559838
125323838
135963038
140083743
211367386
172921314
115525392
134768923
131139018
253768159
143573838
140979838
134024238
136335038
139796238
138695838
281522919
140357773
242352968
204790986
235587786
232551773
172153310
126346630
206621386
186896586
133607838
130464638
384552182
136782630
221485777
109411792
153304529
150410449
114120968
129654234
133077834
133245438
153864449
126901838
102573362
137726234
144006977
133839038
320195786
133503838
129039992
132428638
123048226
128586638
222348586
107003381
237609674
129461038
158256489
215550162
132975838
134452638
341054582
129700638
133429825
244022986
140570638
136261838
176917377
139462638
131441438
209117382
289808586
128153839
124917434
179375219
141100238
142724238
140936238
136616243
120941017
140014234
133962238
139665039
107156583
130791421
201935743
133828238
128356238
144504638
138539438
142747438
134889438
239609330
124283438
132086239
136903438
186939350
151944399
129484638
134233834
131324634
145267038
239631382
279145319
133231437
134395834
129581043
137037438
258064982
137356634
320464586
137730638
130595438
131353834
154213318
132400638
211959382
143051434
134750638
129514612
208794949
129767038
112058601
131666238
137163838
127331030
135449034
117218617
134725038
208777724
121505034
138993838
119984201
191528518
162816849
234449786
207261782
128029822
126910638
138143838
297603786
249602186
121341825
175737609
227060973
100310947
131358230
141773434
128601034
184752182
274265786
384669359
99638152
125108230
220022128
125580635
184168400
402204986
295566582
293686986
341226186
394730582
234988182
140097438
131859438
130090220
153687600
136945438
127465407
178444479
288630982
143079438
136120237
107053768
130863838
113279792
143378634
244577773
254376982
191662978
134005438
254198986
135504638
399838186
109298977
110767392
139527434
126666953
125430638
281124982
132442238
177959214
133347838
244624586
137275438
141409438
249437386
262301386
200525386
136423838
131407438
133013434
547631386
270491382
125458629
131095438
159818879
140669038
281057714
146313914
301249338
160098986
285017382
132632238
130960638
132755838
133285838
280965338
124312626
114929014
132287838
98214552
132342197
218399782
145848638
139947438
219022954
174809369
168616519
128696234
128249838
154013610
169090064
366006186
131503438
119289815
129519838
130229838
234136968
127077438
141183438
132837838
184656914
146247199
257044982
309110987
129760638
213371382
211447754
169597014
237762929
256806986
142068238
263980143
253511386
129519034
142858238
134543038
128243438
144935038
128042238
141558238
171848559
123511038
125381434
131006238
161380344
126898238
211043786
226367368
167003279
297163786
182465773
99924532
128435838
134398238
259727764
350030982
182166109
143426638
154736859
128499812
339464489
145322638
152059619
118665017
214828986
139248638
114188201
132490638
142399038
124282638
127793038
217501386
135419034
141055438
145917838
146677240
132522238
185985599
139960639
160480829
128702638
105298562
170103769
146387619
139323038
144670638
142832638
328125768
319150186
225189386
129660638
182408029
237768539
212816582
140497038
122670638
134480234
150274000
140729438
210176099
223683386
117781812
199219309
205122538
134617838
129766638
132662638
139445038
127349838
137798238
142601724
185557289
126932238
184758129
254813386
138448638
194269386
274784528
275078182
155907678
136812238
134348238
135005034
135646158
287747786
163582789
110371397
161597659
125555838
133250238
125414638
141952079
133703442
128879438
307385363
140316634
133775838
137293438
128673438
130369038
122982629
127283438
125685034
144482238
123377824
130841043
159071386
117656212
239325782
199263744
275165386
133702238
130242638
187613782
273600182
126412234
283577782
289740568
121103407
187328519
314172972
137737597
185893319
321617786
208714549
188972982
137676238
125259038
176426089
158489339
147137619
133343038
130148638
129333438
120288625
101342137
142239430
131340638
127389425
131871438
192003786
127592639
135241838
108330582
207607382
124066630
162293360
102889372
167276540
125263438
251830986
121198626
278749386
147974186
199961778
240387786
289829386
185753782
269571786
136157438
184333674
142906238
139931038
140186638
131893038
218750104
138765038
149980909
148248484
113429313
141562914
116870217
137958238
164334930
284548582
103194967
128523838
119906225
102842165
180577382
182386929
169424144
135893834
121195830
236907786
133604229
140278568
210709359
142019038
124392625
134869438
252227786
249974544
186174459
124933834
134828238
123068634
138017438
168207664
136811038
170053386
139476549
230894573
177104844
138215038
113056039
142775038
131501038
204650582
127727038
129093838
227641386
169328959
139554238
170194582
238662110
140639438
117771825
291867782
158968898
206621386
113898197
246285782
122891038
123568234
136785438
210013764
128411430
130749438
232219782
135275038
104588181
164341274
130781038
152055322
216285386
140816638
134989838
132769838
131921838
348409782
183630982
154747619
150473038
135343438
152415649
206979786
204716949
125184238
163592079
287390982
120365020
181787728
157980899
108646565
140010638
280336586
131157038
184294534
172912586
280528943
131011434
298384182
127481038
134747438
135859831
151080410
182889669
201194186
128825034
133288238
149203199
273139786
192518182
301513386
128164638
168022944
135129038
132356643
138371438
324782959
233941369
135351838
188872519
198566169
253264586
137521438
171032972
136877038
212865786
113354976
136361438
137367030
200831561
140173038
120451412
139898638
159596967
140379438
182881786
163680069
266986186
135827038
140859729
133558638
146999694
145403382
126321830
252944586
188232539
126113838
140385038
140359848
128136638
137249438
130474238
149273674
214419782
151966774
238640929
106896187
271029382
170265329
351850186
155829254
230326986
136971438
183384529
142446638
135574642
95948533
125362239
153284024
141685038
122203787
130591838
179485710
216984182
181450586
134925438
161032419
132191402
153310449
235930186
128330234
256179786
135614638
210535773
134240634
139016638
225279699
131383294
952245986
282768586
128586638
127599038
146760469
173288963
203654182
307550586
201710500
143505214
291503786
140545838
141380238
137721438
307037386
258614182
328964904
176552564
151176130
149613609
268492186
98207337
136929038
128747438
144328094
178024384
129755038
185600469
152641694
114429005
143637438
132913834
132198634
444543374
141146234
139911038
136915038
194559619
131445838
128355838
133675038
145580634
153226399
140193433
191744586
199909358
135179038
129640642
103628947
127312638
98840971
135431838
135885038
285900554
128414638
120731815
312360986
144544238
159092914
132153038
271024139
124204234
198401382
117639406
125277033
137593838
100095347
349469386
137021838
115992972
163051405
102688176
127558543
117346610
185629386
299523786
229712850
185211689
199158163
219088834
209334986
238770978
223180539
133520238
132209834
118157434
