175855279
140101038
146110066
117832209
272899782
264283786
227421782
136163438
164847649
137538635
220925659
194268168
267812149
136587838
165776820
126993038
177456049
236560182
203061386
122633723
130801749
187679782
120928108
127903442
166133386
177115359
135699438
371255373
115525791
203343386
153466514
172313279
131462238
133513838
138091834
135216638
136781838
150547269
139761438
209563786
226110586
134266638
73087686
134772238
148930030
100198067
131657829
393394986
131378238
118779019
143252638
139989438
204951386
88159327
142081561
128976633
141261438
98312966
132038238
132287038
176631319
158531786
131337838
234287506
142690638
131661034
228048820
139983443
142364439
381364982
161248424
243266186
233888139
188198454
269072586
132093438
163731709
130881438
194348573
181932454
137169838
168189758
201958186
163564186
144550069
128325038
156872509
200889386
136257838
124532238
237159382
169742894
117845318
194243786
118895811
164800119
101684570
220948186
147657319
150186440
235349386
223765372
127663825
139258638
177928568
132937038
187912529
134586234
144520469
110053776
238802186
162079224
100835346
133065838
136992238
129481810
146809314
160462384
144061438
128086638
152034059
340238586
137777838
202576890
130210238
133361034
137800238
143843838
139151434
113326991
187118582
212567689
117771410
322575382
97714561
258565748
116220215
130064638
118735807
115554610
214166982
134243434
174508524
133508238
186448982
180710474
128928234
137549838
153569719
114787780
127021820
259357386
108174591
147705214
278992586
133283822
129898638
127963438
136983438
126752238
132451842
192654986
124540623
125513024
118683020
214257786
223119368
367095782
136561038
173781758
138208238
144258638
189412929
138116238
354493786
146246070
140652634
176878949
144161039
128767438
137430638
157818389
133191438
125403279
151268069
296580582
128362238
126935416
199477738
144723309
140511434
222817759
138883838
178768973
141608534
130193438
192615338
118888597
136627838
222694938
155545309
133392234
153580059
173360899
123568626
201050044
107000172
147129324
138444638
181648524
134169438
135651669
186830509
150980044
143049333
251584164
111117397
133053038
178052986
137164238
136489438
138757434
136771438
134433438
140028638
178088410
131057439
137447838
253380182
131029038
397110986
135080638
231920159
130109438
190495684
114802994
135091434
118548973
135245038
139889838
136506234
269696182
235509386
233554914
138748238
130117838
252461386
156271599
184334178
137935038
161294528
132653834
220114982
224620582
184971386
130980238
178236439
149202519
124869409
207016586
151286918
183950186
125084634
94744146
120301387
126906638
134948225
161625689
175266129
270301782
143658139
182658104
139090643
215488586
164697368
228176914
205264586
300384158
97148556
132434238
229270986
160624449
143154879
267935782
399184586
136873838
140257438
419139786
209392969
127571434
194076934
164089689
135591838
131724238
122363425
118877417
170179349
334166186
133437838
128708874
130574638
206690159
117008860
151884804
280054986
138449038
123374634
171461254
109119787
141122638
139822638
130803038
128267838
135650638
177652894
207383763
112589396
98934155
89650945
126062634
201061739
134088638
132782234
130046238
169186109
195367329
310595786
134332238
232527386
140493434
171391386
234604582
311926986
123362597
243300186
131151434
123272238
102901764
275728960
138753438
232716549
127314234
139514238
279373386
131105438
129989839
142838638
138914638
122147829
133635438
148147314
166826129
115089387
100698150
130295422
136025838
201834186
185774564
154822109
210470499
202668534
136842238
197119719
131264638
85422116
131278638
142365038
133695838
278712186
160048849
499296182
132604638
127151442
153553249
232874178
134918638
147288149
105151354
138855838
180207639
306680582
137395838
133698238
123875438
138183038
332163786
178094524
135498638
206173386
127597838
158012090
254992586
132756238
196194039
133649838
189053599
132258238
225502118
141899838
251882582
165529279
135387434
137586238
125526681
112927385
170378539
143544638
103104499
85082922
137707038
125963838
177559654
194777309
150093209
164482130
141393434
129595834
132907038
162293752
147328114
125759038
173210069
130730238
172203294
135846638
276557386
147690410
134858238
143702238
149099038
132544634
139532638
80943716
100419362
151308238
161216059
216354899
113033392
193593378
135537434
149844820
100830154
128821042
134659438
350591778
113902596
129425438
207447694
142575038
309896973
242527353
212611786
131661038
134747038
123209429
132206238
131990211
135522234
123973838
136615430
125644638
126805038
370691786
363245386
136717838
243730186
144424243
141725430
252420982
263361786
137052643
172013619
153694409
511521386
320118582
126951819
418155382
283630879
202882186
220506186
139519438
267150986
148006129
234521378
221079664
130519438
174114089
117131772
117967010
138084234
339008149
213571786
151988539
433566586
142692638
320546982
141994234
132371438
152790529
129481038
136822638
256003786
145661438
121125829
186360586
217232586
211534186
253648186
170448850
135826224
128146234
187208499
364112586
114112176
128187801
204568186
126778235
133267439
135007038
257088178
115282199
171432178
231308963
142731838
213626586
340227786
139937438
121265792
171556109
139961363
189043786
148072586
142475438
135525438
131931434
146212414
153078986
132166630
140085438
76754476
133963438
129457038
127633401
182547363
136371018
168475386
158007367
266213386
253520586
191005714
460779382
176176177
261991386
269661386
151164982
257333386
213403299
159206539
124219020
233285386
222770186
275652982
144615838
136665038
216234186
231043786
126748234
213659786
139115434
144309443
257500586
232643786
131585438
163368424
138252634
136497043
178575634
284316182
198130968
136065434
132735038
275660933
202638982
141012643
287227386
198849759
220687314
133942226
208997386
159792889
220189386
190599629
147861199
136594634
136254238
141872879
337254129
135113042
203300889
162926809
137939838
108440572
128785038
107162165
135199738
247312586
123065422
98035352
306499786
188983382
130980638
121065421
143371002
309848978
162096918
176405674
168734064
132643038
138584638
139841038
132492234
117571406
136169038
239826982
255415382
152998484
134871442
129266642
132057438
130772625
132561838
130937438
131032642
130163038
124945434
189687339
118563411
129351728
133921838
330410982
131024238
108549787
128407830
154382924
135989438
316496586
133859438
131035038
138921438
113754992
327686139
139884238
132896238
138414238
137628638
136121038
129343838
125282630
145893362
323610186
451432182
134039038
137637838
168795734
136663038
137276638
162455610
351174582
129850638
150715189
113509786
136153439
203887699
238213782
263196186
134181038
143804238
139642238
210649329
156637994
139840239
134355442
130145034
227548582
193820913
186471354
144748638
108231679
161911386
114194561
228286986
178912582
162808163
202112133
289232586
130445438
173146186
111971709
128256638
121378059
291175382
184476186
239363786
141357042
341506586
254362986
175883728
247072173
135231038
140486060
132007438
345720177
137735835
93708546
119425010
140759838
101777356
137316238
233488582
144842638
131258234
128615838
136789438
130998238
162519259
137698638
137521438
155366928
180844400
115133806
191442986
143675609
210927386
134308626
132522238
110576192
75478887
227480568
195360168
142184469
105889630
134627438
134306638
162015714
239080586
136848234
130907438
140624880
137349838
208858186
370486986
193907674
191097249
165141269
130963838
134433838
151090439
194124559
178368144
138073038
136483438
112251792
131963034
145854010
131359838
184030389
176786904
166609989
257284014
138628238
139699038
353782986
213796582
131048238
132893834
113390979
172251334
118681396
130713838
135834238
168104484
141054238
143336238
139641838
125016638
152646409
332048586
258292169
129663038
112227800
137233438
170736899
115139797
196056069
126141834
130059838
134187438
146587610
142693386
139579825
119519754
129779838
170531719
136853438
209912982
186479204
276635786
100097356
180048173
232556582
177721250
133775038
132114234
129161438
75433289
195359744
286329382
207280909
112266606
119904608
120965411
89832541
136451038
115564209
348484986
190982578
88965329
129407838
100928950
137371038
164757733
200784544
144476968
132506638
134957034
133787033
128025438
129907838
135105843
128435438
129332638
219519368
123864625
139481038
121993438
250038986
161113689
123200215
200680582
94790946
130439438
227112986
151590149
286614049
158391269
135777038
344752982
297344582
367176586
185290519
129304234
248084944
161529324
135495838
158655614
225721324
190127719
135405838
272643786
183512129
129013838
156188814
127959010
137262238
143725038
139385382
190940982
279144543
128931034
275024586
233091786
373646986
133029038
348460982
451973382
122228630
108977391
293494986
168526543
120107796
92952146
248865773
114850995
142444638
122580621
129039808
115894601
155008182
154328849
107985713
138381838
128535038
130435838
125715034
181104419
106204980
193292044
132272638
103502561
130420634
179218934
236955786
106392976
263327782
154919268
102232161
132267038
149967318
132835434
145908904
265030186
128421838
126857838
135569438
202299329
151886864
182327689
150448869
174194489
131279434
423363786
187577284
130175434
228838582
236684469
203902489
136815438
395715786
240991778
131642638
143712069
213569349
202118182
281676186
139273753
195469382
201550986
109076582
135118638
177804982
106000172
139007834
101751747
222696186
141243038
107870572
240198986
171828024
158951323
225768186
103694167
124948230
301864586
163186929
133755438
152620952
83024511
178291738
140127438
193230918
134463838
178787999
123879038
126983034
212200544
134482238
195088529
353678986
131635434
129111038
131101038
132258638
129709438
134021838
155306899
196894586
121849353
127836238
141419043
163044109
129737438
207007720
296862182
99778568
124501838
123269801
210989377
216045229
201590986
125845438
246542986
174645284
204445386
131515038
161023699
124222619
123595025
185091786
164642059
169970889
137705038
157258519
156903734
188336968
138233338
119453410
263137782
187991334
130025038
169554860
135787438
116227411
91430531
138226638
114966566
135804638
126311438
142235438
116148220
128804225
135639838
219786519
188852986
234256582
143907438
175739735
123363433
353675386
116204611
263720534
169184069
397263438
196607684
155741620
195980539
190320978
193977382
110524576
128740638
230993386
137166638
139974238
116044201
207099679
350264186
252097386
133627438
135927838
92827336
131470638
185831386
133055838
112657397
125551401
155327619
159723698
132290638
138812238
119213806
138224238
629120986
103256571
210591999
214476459
153896414
249380434
263666889
142626238
305404986
214342009
391532186
128564226
123700234
138009434
112148196
197491339
107914985
124139830
101934972
205808919
121325401
337668982
127069429
249298982
130002230
118467808
114609406
148848399
152789309
148880914
85605711
103769342
121793391
154050109
126654234
99702567
141089714
224661382
153465604
173977674
88931311
142200239
116091804
346679786
139945038
124681832
173849259
188667210
278459382
103054182
278398479
135306638
194736949
138029834
105704961
146323034
106054556
140959763
334626167
156415758
252692586
271299786
100468101
152823244
139181357
194109386
131617704
139328238
178580982
131547434
160441304
170922049
84464112
137312638
130199038
127896609
135058638
130203438
242498586
164808399
127863056
155759599
250713782
127091434
202795782
126056630
140329834
128499838
199347386
212947786
368515786
335752544
172958568
95790945
137474634
132719038
402870186
143204089
179912178
220759368
135719838
134178638
131529034
140390238
189604553
142587659
161070809
159682986
142235838
134292638
131083038
129916238
137420238
130375038
128685038
181852968
122633414
128862238
207507269
129439034
72258081
138805838
176889373
251741353
287845786
168972549
127884238
135334638
178730158
72196896
243613773
133635038
125941434
228214978
128558234
82019711
227536973
109135386
159248982
206520182
96766943
148064139
183039699
169033763
128995826
134034224
130127038
134679038
143617834
133751838
126829830
146944869
155236129
121652939
129237038
127120235
298448586
125366220
133427438
127642638
164260390
116891020
160354849
138701830
132576638
122083822
97983356
140520238
336297066
202309589
136787442
139033038
486045386
219513639
138236238
174828186
128832239
214326982
119227809
115573399
130190638
157759749
117193709
140642638
104356157
119602619
132871038
206297349
241731786
128147269
204902178
125595425
217474144
139044238
108604162
128979838
119068220
137233438
264404982
134794638
188481719
179488178
133497438
109346192
146197279
129575438
336093786
251829382
140669834
135624638
158297649
168676168
214167289
176412549
115126997
204913786
180854582
133281438
143816459
278442186
298849719
134877038
132626638
288217782
186414499
139185038
138457838
191753299
95384546
144002238
151310459
138597438
290482959
146127038
99135284
268275363
192029386
134464638
201234914
154052040
364185773
103076566
213878986
152836054
96384957
128927038
137032634
273296586
129472234
137597434
183668879
129871038
372726986
124898638
191424939
129945012
111048587
245584586
134020238
125447015
199839386
188772182
123562624
198711738
141053438
138583038
138204238
107035770
121849421
273133378
123168212
269710186
140210634
175224128
156545704
133202238
297785382
141271839
194044493
146050814
191840169
136869838
137941038
139402238
108629394
134307038
134582094
161446794
177424528
100608564
242844973
221524968
135859438
130666238
222631386
140086638
89515713
120348196
127475038
126754234
131427838
187628919
198096586
92273330
131143434
188302986
111667799
132271838
132016638
163256168
138626238
132000238
304106186
337052982
131517038
118043815
128295438
136257838
219109386
238385378
324766982
136566238
209653324
143187838
133262638
130514625
129215434
137875838
150141709
248950986
128289431
172919324
338067386
135515438
136909838
159852475
128793438
157342064
131852238
104681361
144462238
162331799
142984634
201211382
278632954
353676982
136407038
140048238
309571786
280972573
201479782
140726230
135254643
321243782
248428582
189896489
136146642
198977679
299101386
184876573
139853838
130212238
194578982
135803034
154538494
129355038
204871719
154356899
132824638
143145838
263727373
137606238
142913438
159095357
352939786
136702634
137097838
190049782
133976230
219477786
134467438
159377298
188889279
254292879
237112582
171748099
111245774
144889284
127603038
127153834
229187786
211462130
103491754
138550634
314652186
133927038
132812238
109809786
136209830
196998118
98818151
144557219
146813999
112707791
114651409
106742966
128395038
262002978
131279438
233471778
131763834
160008148
184720844
134499838
275034986
185004829
166265270
183344169
115085814
178786468
136789838
135262238
283027349
188319748
131356238
196611786
80558501
211192973
129315438
114046609
104884181
139319838
122493424
135875438
193307786
107847776
121942139
141599609
137274238
156612120
169128494
238139274
175978494
131271438
119397414
182975208
136295438
113253396
141795438
120410624
138023438
379443782
131526238
109260602
96298547
112802187
140816638
119769410
135137838
581725386
187328109
289409382
140033038
134093424
157872586
115860191
138204638
133231038
194106173
276406986
285988982
216478182
156462889
311637739
154454919
134543838
120480590
222286578
160051786
129080638
127484238
162454147
126864634
273606982
196448109
195338582
107615760
130607038
98606962
140733838
218997782
105387273
108174171
205802524
129892238
142826409
239965386
139074148
114823011
279688986
202030564
190408529
203934582
261881778
223255632
362910182
253109304
124369828
299024586
911695430
146994434
348187782
141730238
154638534
127596621
154462844
111564597
139244238
190060554
136847438
204345382
127009034
148125734
140057279
336336186
267959382
204426182
219592559
461456586
294193782
271590454
324829386
232712129
200888582
162611200
256575669
166771194
120008494
162696142
132191838
266780186
138914234
278113782
131658638
132889838
141034638
120386634
151102409
132536634
132810215
130309438
166025759
143897038
133410238
196556094
125162238
140801838
129285838
358160582
236560186
235817382
117303416
124406621
140595038
119341406
143108638
126614468
182762494
246934182
261699786
236497386
850607344
206979786
291896986
92784151
203157386
222019786
136781438
302557782
131734638
120052608
128973038
150363704
137248638
141959438
129732238
138020638
149872419
137329438
133957038
124515438
126024624
95891346
212412182
123873811
116442208
138949438
254198986
232033782
245136964
99655761
154090904
140229834
246758986
381341386
190223378
174849239
235397382
132119438
109753389
160529318
140594638
132461838
176880939
124527010
139494238
176320004
134949834
157682948
296732182
222265382
248411714
227308494
191666899
222662509
121688216
178239229
146928429
126639430
127775038
154062854
346755786
262651786
134248238
148305599
190772969
112981366
114185413
161010929
349443786
150775219
224292986
129647038
268611786
134473838
125055429
132408238
225239713
233925334
130288638
110722976
135979038
183831349
129940234
187719382
211863264
174768939
139795834
112825704
126559807
303336586
130057416
117390160
163578582
168407378
139489438
212558982
125601020
128940638
188089382
130747438
141220238
179760929
170384938
143992934
243333382
136199038
204199699
142779038
129629038
154104014
226320586
136543834
124370624
137411038
118854615
145167434
122363425
137538238
126144234
139230238
127493838
194605324
125371834
140182238
119747025
127612638
115876610
117836619
96102561
114010202
143013438
127742638
160789604
125798214
134469034
137492638
137857443
240195786
174904573
136680643
126470238
113527804
101434993
189390549
144808419
136667038
127248238
108976588
136597438
146865438
237606978
137254638
121008601
126822638
205835386
311707772
180386034
117951414
237093750
134933838
131707038
140209438
143308638
234619386
134553438
140145038
109100977
139760238
124318638
154623649
141058638
144687709
126957820
114789809
174587729
189155329
235510582
222008982
156562500
139668638
132983838
133838238
147379319
133599434
154580809
168539654
295812030
131978238
130602230
137435034
218614986
120010220
161911382
136915438
120244181
174664586
134747038
130157038
287721778
95964141
186376529
253867786
137273438
125649830
138081834
126138238
137393834
126483438
137898238
119867011
137099438
151135373
211368182
176559709
105030165
133668528
139057839
256727363
142648039
139163438
135092643
138338638
142585438
134742899
285209319
140925373
248864178
207148986
240398586
239407782
171750908
114939402
206581386
186896586
130487839
130068234
390968186
138734238
225081382
118529016
150169329
148403639
108812509
129405438
116312186
130868238
155667249
127552238
104197380
136075838
143315382
134859038
323588986
133745838
128752899
133635838
96490541
126802634
222429378
111009786
253162079
122268620
158093689
219046168
130849438
133487442
350328186
132182638
131756221
244268582
137662638
136478238
178312186
133369250
132795838
209822582
292654986
129712638
102735371
173096014
138735438
138354509
138035838
139092238
108974586
137780638
133593438
138544638
101703366
120921299
202944144
134133438
127604638
142952420
136642238
140433038
133666634
232865714
124755038
152555339
136828638
179412539
154055989
125725424
133591438
119599804
145322400
242014986
277715314
134461434
134739038
129328638
139237838
258755786
135385438
323475382
138061838
129015834
134931838
160262120
131982238
211257382
140596638
128658217
117255386
201800539
124819425
121953030
131858638
139366638
126456234
136534638
123877438
138574638
211343328
113055811
132544616
125927812
198745329
163601650
232054986
210645782
122247811
114444194
128479801
298767382
248961786
119799425
175818409
233525386
101678553
135909838
140138238
129181038
182225382
273379386
372025344
95621751
117432615
217953719
102592159
186833999
398787786
294621382
293686986
341226186
394525386
234141782
136277438
130265434
136363834
147555838
133211819
118622191
178243674
287773782
152637729
132835038
93426937
131651434
96603360
142202638
241727768
253392586
190611363
134269838
255157382
133725834
399554986
102433367
108450982
139821838
124210143
125692238
280273786
132128234
179496420
132703838
244419786
137448643
139455438
252734186
266180586
204450986
134230643
126447824
132803438
542250186
271464986
106314585
116070992
156605679
139750238
288739319
149879599
297076162
163325386
283723773
134715839
131889438
133901038
132933834
277906944
122038220
95126151
132748238
78854101
140365769
217501386
144970399
136099038
221636554
173248172
162945719
130816238
126769038
149307609
174058470
362883786
119284186
120976225
129871038
127932634
237704578
128166638
141751299
132440226
184696914
142159038
256719386
309110986
130815034
213330982
210602154
171118982
233729729
256886986
141569438
262018538
253550582
114363786
143487834
134216638
127701025
142357438
129218238
139535038
167888954
124297438
126237038
128647038
133845438
103176965
212706582
231129378
165743269
298139786
184867786
94118109
107796175
129597430
254807764
358572982
180578118
163019222
153666449
135884638
323192064
143352634
155327219
119798220
214175782
138444634
107412979
132861438
142791838
127492238
125389438
218358182
135300234
142404242
150890490
144297038
132545438
188564404
144812049
163024840
129758243
78457250
170892569
146308419
138895438
135828904
143405838
338008178
320988186
225918986
131349038
182608830
236968544
210664582
139960639
121080625
136423039
146894238
139605034
207140099
212734557
106253771
195566909
222532173
134575438
133485038
112354571
141757834
129257038
138282242
147728944
184516084
129047438
184112929
256422186
140475434
195743782
267560114
276932182
166749690
131499821
135265838
136360238
128178939
287747786
154252384
116075807
170852859
120974221
134479834
126306238
141701038
135357029
118685802
301305353
140293438
134669434
140453038
127241438
104005347
121401819
110899786
124049430
143722638
121128220
134596638
158571786
94286551
245058186
207510559
275125386
131916638
128940634
187931786
272768186
121508225
280904182
279739353
101110155
189075329
323906586
136405838
193443748
320668982
211131349
189600186
136864238
122093034
179197689
160207343
149969214
130868638
129446638
135009034
101790154
114830977
142223038
128418638
130593838
127121030
191963786
116389399
137800638
107650181
196697368
119672629
153352144
102309376
158649324
127816638
252532186
110554591
278749386
149310986
199961782
240387786
291047382
187556982
270952186
136142234
186589680
148695629
139223038
140593438
132900638
226099309
140113038
146534099
150096894
107925693
137169830
113638191
127601669
161854928
287430582
99598961
127470238
91014934
96348156
182142586
186331329
167586149
134839438
101016965
240184186
119112989
138213368
210789759
129768484
128357838
134439838
253170986
243076144
184021259
103281756
130578238
122670225
137759838
167472869
135099838
168556582
138197420
235270182
184719244
136069833
134924638
139814638
130344238
207953382
127906242
122432220
225283786
169928559
140499038
168822986
231367299
138608238
120037815
293608182
158252899
206621386
113176201
246488978
111697800
106602981
138603838
213296969
116898194
129021438
232218982
135224238
86528921
161766474
130291838
151142986
215056982
135199830
128493830
129350629
131343438
346179786
184355782
149523219
175909368
125689014
147575639
206561782
204838149
122318624
158841274
286457382
115848614
170656108
160249709
126631039
140555838
283461386
131587838
191732549
171432178
307229386
131705838
294595786
126474234
134174638
132392514
148704009
193768479
203392982
130149438
132801834
156436915
274425782
193644986
297539786
129656638
170643349
135990230
131058638
138346238
328707359
222696544
200773430
195624928
197066569
256081786
137400638
161591748
119014454
212946982
110288584
134966638
137591043
200663743
134574899
101470966
155098348
157683634
141726238
183082186
160989664
267310982
135405434
140555438
135000238
141735694
143236982
129350638
252035786
195344944
123080626
140464238
140325438
127706238
129946634
130221838
150874874
213298186
150722578
241715329
80289301
270070986
174728539
354140586
163455269
230326986
129776636
180880924
142528104
130984234
89482911
109839377
155466029
142833038
119603382
129903438
177753309
216234186
182184586
138113434
161959214
140798953
149568044
236010186
130618238
256886986
113529250
208351773
132825838
135092238
223962099
139075033
950440186
282768586
130832261
126304634
144842638
175287768
209913782
303377786
198826500
143786420
290538186
139803438
143684638
134645038
309176186
253350178
350632534
171543349
149746529
145321838
273334986
103712958
138183438
127163438
146642900
181167589
131415038
186960870
159453704
90897333
141201043
132257438
131137438
442498574
140331438
136256634
136700238
184960014
132122238
107956984
135117038
144276638
158218000
140823438
191664186
195344544
133315838
130654238
105774560
130279438
99832170
137563838
133751438
282440549
115269401
123360230
311171786
139473838
150832909
130876234
273250939
122432238
198645382
115105805
120571821
133751838
88250515
350775782
126813406
121554197
167011719
104326182
129755739
112550175
186476582
304527386
225278844
186495699
198738968
229354440
209334986
235220973
221056134
133777434
112433776
114212625
