249356019
339070820
372698014
352888840
248270440
315176004
322664439
356158789
217797619
371862794
273491610
397319620
331307610
373739604
361918389
260273600
336526040
328619604
201104819
320282829
320730014
296588830
523024414
489026014
565084419
262832409
412810409
314452440
308145219
394134794
366629204
478668024
438672394
183614809
452879609
243796829
271637230
273341210
267997209
279544410
282184400
255118409
291466019
263081999
225723599
394875619
255038009
258378400
387908409
329086799
491243204
313683640
295968009
459180420
805931589
279148814
288926840
247780410
310992409
214506410
394469604
301928409
224722010
219427209
461494810
615704394
307260444
289491619
500632399
443172820
342703600
312803599
316616814
363244420
282311219
339639210
325656419
286382019
329967619
275282419
314261230
247758820
248357209
277337620
204466800
202704420
177131610
248069240
181299239
329848409
218038799
457291594
416702799
281402020
538464814
272804019
304310440
259059210
345691589
415430800
262068009
316286794
309921610
618888409
299235600
317145600
322212420
319766799
242550799
253146420
396407634
623151624
275187210
274023210
316327200
248001220
257001230
380176399
441121220
344672404
459008009
339365209
231843610
350701200
381664419
298321210
339128409
518496424
389410830
229369219
383966810
331574820
414462414
550729624
482436019
414204814
204230408
394797600
376477219
418757194
332254810
339391614
358643614
267518009
463323594
337424399
613809620
394636819
237949199
399476020
505756000
370462804
494556824
191784810
253752409
516945210
428704414
273885189
310356019
320168019
535563619
353776009
363288394
337023619
330944019
295919610
298080410
234112000
405202809
428254799
238904409
296291600
327792409
350613229
298704819
244886804
423624419
338705219
249565199
221056425
420256404
490366794
527115589
238253229
215570010
375472399
220657610
253411600
278846420
365027599
228790810
308186009
293685209
262552409
366875194
256348010
291976834
415080819
244978009
319723599
471217994
404304389
253818009
372423209
255608409
390258004
276409220
369323610
324824404
350444009
469486410
307746010
325777630
343640409
272864800
314966414
347781204
438929999
682765629
299311210
315864020
536785999
402635259
258671610
431367604
497474414
297618029
428758789
193141190
398204440
346411604
257086839
265213619
237030019
210696818
360361994
248586829
274057239
297164840
378765640
209008400
356424800
443819220
186933208
293466019
256748819
270417230
345438794
611432399
311152400
365409600
605427619
392670799
637783604
377695210
462404819
348489639
268202430
417078799
271417219
300572819
378104409
459752834
414413214
436166804
463358809
335178409
359309219
273574810
388602009
329434019
367761999
290334409
330748409
521064819
489531629
329526020
398746010
465366789
338196414
534309230
419412020
384491219
323525989
323563610
370440810
339121620
292947620
388938809
265913610
245732819
264712009
261589219
342736410
529613210
309432409
228088810
392761614
317591209
260488809
379960409
323167610
203193608
197770819
381836819
373470810
298193199
324066019
577349194
473552800
248905219
296359620
321349210
340221609
433880409
233312830
242536409
225032030
340741204
276985210
519960394
596208014
296817200
547123614
261370810
213832000
279096410
323624419
367454799
407708000
356631629
359540439
352314814
399210849
565780434
342648020
282689599
345065630
329808409
359186394
264149610
417521610
265494830
333040394
488020034
425892434
408006814
330437210
275819249
389737210
391141194
355768020
470258009
292504020
385129614
421008789
362153210
310430440
343000404
509579204
228093990
353551640
366044419
402029994
404806400
430021189
358134799
488102804
309312409
334507604
523851599
296400409
260538030
346859199
488747599
242426410
644252009
431761260
523884010
341238819
516447209
384875610
376486409
385503229
511516804
272895639
364730019
382827604
294277210
330942410
299538010
454744409
351119629
355542789
479986024
452077260
387849994
282211600
231366010
398008399
419345219
286232810
476021624
632912014
576664399
302308410
238904409
328583604
308146009
353688409
338524810
321711220
342493599
401163604
282878809
580192480
391570479
206182019
210612000
244352409
220617200
185725199
504529230
263032409
312407620
333373204
473896009
312760410
278749210
364713620
224923199
390928039
285910839
457898429
329741219
495066019
416601614
246461204
318592039
208144399
298945620
189911610
364043240
263894800
359081630
381114810
390891599
488786414
354680410
278733210
366930004
276662420
519864040
424070020
358633229
268403629
193019600
294027220
292446810
318099619
301630010
397961219
331608409
399416010
550126804
434549624
266164820
291712430
207744419
267094420
228132410
313518019
318072410
482040409
392985610
331288399
233592810
296110409
271590409
356244000
384950429
312261210
265795210
348870009
437836809
695903599
439799614
668052804
296148819
289649610
321925230
301291199
319037194
340433999
366370010
266708409
326474000
259217219
257669210
301355610
267750019
284603619
288432409
521029214
389015640
295902810
233365600
612655209
265981210
245010010
282832019
396265214
286732400
370089239
355883610
497456394
608265604
200240400
312261210
371154010
319744009
497357209
396036414
357175210
569181614
443950409
579208404
347968009
331716010
223140800
434982414
339836424
339009214
379535204
288552810
367747199
402592804
350944020
265843600
387265219
206114804
609858819
233296409
419726819
803128409
247089629
419020819
326136409
295902810
300329619
307825610
324084419
313623214
368670804
339194409
374818010
233874010
307708400
343640409
259062400
297938010
485587209
248544020
300369219
524728409
274142799
262426400
413623209
199167610
267834829
305359999
145039609
333244019
264265214
259582019
326562004
194618010
386106019
340498039
344818004
377214794
322255229
213639619
439457610
589841220
479455610
487972430
465424414
372698014
397528404
320568409
313144409
278856810
388869204
450888014
500352800
388240009
300106430
373383610
312802839
256323599
289574820
352911999
401233629
365526789
240384809
345081989
376853240
330194040
296384820
281464410
394018009
272692034
576541219
408304439
379534020
304436420
500509214
561112399
307576409
287318800
211548819
245010010
666290409
305899219
342437209
318405209
280426429
314616394
426301619
406859600
339933194
234464399
228622820
330885219
309753220
344696409
263032409
325698009
184493200
270322009
377352024
247032410
435640409
273151610
337785219
443851600
313242010
477502804
364024819
475685204
351960029
311616819
400758799
295516009
604401999
326044019
310272389
225016410
337185210
363216409
268848400
294832810
468544844
468322814
415185999
356331604
404639210
275270000
394096794
394528009
265549620
401035214
293761210
421421629
672810809
423992010
331940414
355550804
358256800
512997194
522392399
282237610
448752394
419105239
405904019
413948834
207419199
590033604
470872039
209474810
236745210
333473210
247855209
366115639
453911619
426312014
249974799
424784414
385569224
259944020
298385619
181332810
355413240
291042820
276945600
758524420
274863209
280950029
294085210
277726810
400079629
204063630
284021209
409214809
421095640
335596024
346032814
451704814
280509200
403345999
407465984
271992010
363402800
263186010
379960409
370456399
209102790
258378000
219563610
401791609
339014834
337343999
466222429
325763620
285616400
245405990
303610009
389112399
255568409
251961610
263798800
320196399
242819209
428317199
245517209
292824419
347852819
289254420
259550810
294652419
351338039
339026810
172802010
259510810
391659604
408683599
438275194
360806814
455691604
368670804
377374804
515246789
314201610
345748024
364032420
327993200
397210419
295293220
191919210
358080014
470948409
475350789
213222410
303940039
397688410
174420810
547263619
323282004
227934010
387819604
296107610
380901194
484909199
301127210
246696800
384177994
357215629
362829619
296070420
408434004
293231200
342856809
306464784
245950400
417206789
288861199
274909199
358910794
399507609
332223624
430682414
390930819
343230814
415504819
287318400
377329219
258902040
569152430
273462020
307576409
259822820
297210820
300019200
379071610
214104410
415349604
310739620
574455210
541543219
316090400
264288019
251495209
588382799
295902810
575167199
205621190
225883599
360948829
247195590
359864404
216423595
173544420
266208030
283456020
368833994
215768410
