263576020
348223614
377020014
355282839
244882439
314854410
322824439
394949210
227883219
395102799
263362794
392032009
329054810
373899604
370576394
263941199
355228834
333413204
215704420
322558429
331144820
305140030
564502429
498500814
583819224
262631609
429399220
316922840
315942819
412503200
364094809
496574434
425186389
185843210
446603604
246936829
266959629
277760409
268639209
279544410
282944000
259320410
296425224
267133600
225603599
388559609
255838810
259473200
396224020
341182809
523484020
315727634
301355610
450275219
818629189
279029220
292278839
255076810
312663209
209725605
416458014
302008409
229892409
214110810
455611604
651944409
312450049
289050419
522917209
438112414
338190794
312803599
340050420
358396009
272041219
335053210
323464819
300650019
312097619
277504020
312447229
251173219
249366810
270650019
205386000
210857220
173948809
245122440
172409639
329848409
218800399
487608409
441701209
280882020
542171220
269404819
307628840
257971210
332155589
408209999
268440409
334354010
319531610
644064419
316089600
301942799
326198819
319766799
248003599
265172020
406092044
650001239
281592409
272274010
311728400
261337620
253436829
396664409
426499614
349536404
487570820
334680409
229548810
335627199
383530414
297048409
329042810
561907240
393792824
227118420
389240409
333402819
425300424
558096430
501137224
403482814
211792810
404568409
371883214
446613209
327392404
355058420
372404820
272312410
457321999
339933194
582434814
389937224
235689200
399996019
484419599
381170004
523270034
188184810
250347610
503064409
431371219
269941590
328521230
311937219
542664819
350662810
387384409
334622819
333267214
286296409
309152409
231224400
416097620
437515604
233584404
300378004
327832409
368278440
300464019
258539210
436904829
356476424
253411600
230732429
449983614
504920409
559998794
235573234
211032409
359030799
225016410
256656399
280920419
351042794
235922010
311288409
300112409
257733210
375050399
250040409
313668439
426353229
248517610
339598410
501736010
436440799
246455610
370264404
253934010
376594004
265882820
361560409
322584409
362099214
454334809
303870809
321910030
346046809
264979999
317627219
355467609
457872409
687530439
303814810
323947619
544574809
390368859
257330410
422694809
527337630
299448430
448585999
196136389
391419239
361320409
283794039
270322420
239465619
219592819
368509199
280618429
275738439
302672439
370299239
212055600
341622799
436185619
216632409
298664419
259980819
278256029
353311994
637584409
318025999
360361994
645262034
409216409
656104014
377494804
469086819
351112840
276908829
423350794
273091219
304509220
384864410
476284829
427310414
439333204
469195610
328069204
346323619
281592409
412552014
342222029
367922009
292475210
333441614
524494820
505273229
339064819
407800409
460990389
343091620
514688424
424398819
394307219
330703200
316760409
355467609
325825619
296550419
407824019
274168409
271458019
265699209
270844819
336472409
519307609
309272409
224377610
395410414
323166810
264888409
379599609
328888410
225952010
197466019
386503620
366669209
303979199
321392414
616766809
443734794
252938019
295174819
325295609
327000409
406207589
233432030
242095609
226160424
341342810
279544410
530966799
588841219
300973200
580555219
260570410
221699200
277536010
310633209
364095999
402294799
341510424
353687634
373415624
408279259
559760839
343169214
276944399
347137630
329848409
365629200
268600409
389400399
282850829
345872399
487698029
425691634
393494009
327998809
278981249
382155613
408594010
338307614
493086410
296424420
377175609
459048410
365263210
306460840
343000404
530973209
254850410
349048434
371006019
415190800
370091594
427171594
369509209
495544399
309432409
345670404
539271210
292487210
266801230
332355599
499034004
246128409
630846004
431600460
517410004
338744019
534237619
363759594
386584419
381128824
550978019
271174440
369233219
377214799
294198010
322584409
301598810
443819599
362080440
363766794
507648439
456923660
396837194
282211600
232286810
411448410
444392024
284997210
473292829
653952824
585232404
307576409
235704410
340180009
313757610
368824409
336665210
325883219
337398799
401163604
280159210
560000474
384063280
206424819
213497999
245349210
219107600
181770400
492086424
262912409
309784019
335730004
471552409
315896410
281362010
356404409
227527200
407756444
282493639
463889630
336038424
494785619
419790014
251755599
315000839
214115600
298464019
194264010
364284039
263895200
347952829
366790010
396581209
528446829
352088404
281232009
377534804
280861219
501221229
423748820
354565229
275433230
196171200
302463620
292167610
316013219
290450010
402808014
331608409
383934809
561848409
415704819
273230419
295094429
212056019
261105214
234389610
320179220
319926809
458782804
374878799
328881999
225628010
292728409
268652010
370015209
382463629
312261210
264990810
367856414
444271614
760729620
456832020
682720414
287184019
295637209
320649630
295395599
330899194
345432409
361176409
292447610
323907599
253982819
255715609
307576409
286667619
284723219
294544409
503725614
386538839
289637209
244927200
664124024
272312409
246488010
277617620
404569619
280229600
374611239
338200399
531941209
617690014
200522000
318712409
368446804
331168419
510696019
412172819
352798804
561578014
467684820
542680399
341022804
330277204
224186000
427303220
339678424
352555614
372229204
289894414
355037199
415224409
350944020
260080400
367134409
208658010
617485219
227851610
409084419
779919204
273345630
424029214
326136409
302008409
300890820
314960409
325678419
320248819
376657999
344416009
365662810
238074810
313941199
348453204
261782800
301968009
492104014
252251220
296584019
531029610
263214400
253056800
428016020
199407209
267834430
299235600
142966238
344356824
268930419
264772820
317470804
207110810
395545220
338648839
353540410
394053210
314250429
209568019
430520404
571264414
493070810
482044424
471261620
395070419
380856404
320568409
302424409
281498010
402580004
487056029
488321994
428714430
295060829
379352404
300792839
262208400
287304819
359026009
388858030
364844389
263032409
356957194
370408439
328088034
292664019
281464410
412431614
276561640
550367214
415639639
382165220
304716820
526951220
590155210
307536409
299992800
206545620
246686810
694746019
313543619
337675609
314078810
282178829
310774799
429677219
413007999
334915599
237310400
227364020
334984819
310554820
337467604
262354010
327992409
185174800
268638810
394788430
266544409
434801210
279594410
336156420
428457999
303175610
467397204
354182414
475685204
358681229
317639219
388462789
291566410
622181209
319904819
326680399
229584409
324389209
363216409
266890000
303744409
492795654
456286814
408790794
346033999
407802810
271997200
398264404
388577610
268592419
377696409
287208009
390906019
691247614
421848409
347722019
376248409
355682399
534984404
541272409
284997210
478764009
393424819
419024030
409463634
237623200
585402804
459608039
210947610
235704410
333832404
262151209
359224424
442337219
435128019
246550800
416533614
405286830
260264819
307858820
174780809
361986040
294458419
281884799
748926419
279544810
279207629
297005609
286663210
392828829
225228829
287160409
394462394
433560439
340257229
355078414
461480819
278288399
400171599
426755594
277961610
348445194
266075610
364123599
383754400
208340384
264061199
226291610
418699219
338694429
362586019
478120040
326004019
291310799
232871990
317953210
390857204
252853210
254935610
260419599
320356799
270482010
440694804
242351610
296544414
350504414
294699619
267727610
296427220
349198439
328459609
190648409
261330010
410668409
417042004
455389199
356871209
451605204
381219604
382827604
527197194
314078810
358833629
361663619
328470799
397770419
297280420
194475610
353026009
497612819
475350789
223204810
301973240
386360404
179170409
564726424
327998809
234510809
406962010
300152409
401418800
481465604
297579610
244715599
401323610
353167234
360326014
306287219
411584810
314707600
341182804
312373990
248344400
430422789
290388000
269998800
396582800
424069219
329935230
418900809
394360824
357137620
412696814
302302800
369830814
258459234
551753224
282366419
306651610
266822820
314806814
299776799
347563594
212293210
422405210
310017220
571224409
570224830
310013200
272206419
244978009
584197204
297978810
620824014
217271589
227482400
358642029
254780390
374499609
223772799
179905220
272624024
283456020
373884799
217520410
