259782020
348424414
392068020
346942840
249703640
320249210
315160839
400216409
226716420
389425999
275973210
383679604
326642004
363397204
370576394
256323599
349287639
326302804
217378419
332542829
330782014
297738429
536915619
508856824
572641614
249706810
427153619
314570839
306456019
427064400
364094809
493483639
428116389
186697610
456056409
245467630
257206030
274142810
265003610
285385210
284470000
259320409
293079620
271024399
228753200
393954014
257660810
265277600
386312014
334117209
519264014
319490834
303430010
467965220
831446794
281114420
289288039
262250009
306648409
213740010
413223614
301848409
227768409
216670010
449368409
642904404
305749649
298346420
526578004
449035214
333278799
306045200
321453214
371501219
277978020
322136409
327889620
306405620
313663614
276862020
318284429
251173219
251616009
274901614
206953600
209858019
179432409
253603639
180207640
322686810
216599599
477542809
447870809
281363220
546076820
271386419
313166439
262069610
345691589
415470799
273406810
330437210
326136409
656692420
311647200
315264800
319977619
317462800
253616399
253942420
408062439
630858834
281432409
274183210
304733199
261618019
257001630
396745210
427465219
334744399
475664414
339406010
230469210
331421199
381584414
298563210
339128409
568834440
396144029
226156020
381330010
323334819
417191630
546886824
501858429
420327219
206480409
401406799
357088404
463480409
336797610
346747619
367858820
270457210
453878799
339973199
574640814
391926430
234384399
396769220
477174799
381170004
510508829
194020809
246782809
506584404
459561620
267829190
328400029
318321620
546037620
346475604
378792010
339026419
326378420
295919609
309432409
232088800
414105219
446616409
240185610
300617999
327992409
359666034
296383220
262912409
431608429
363323230
251568800
232316830
435802014
511354404
592922009
233991630
215570010
375472399
232097210
251368399
277577620
349046799
235762009
311288409
299952009
261266010
372551999
254230010
323332040
431608029
237331209
319883609
481510804
436279999
239124804
370424410
252178010
387557209
264864419
364094809
322584409
364734819
454214804
314078810
321708029
341073999
261782800
312181209
363154010
466323610
695492039
312984409
313804019
521368399
394578859
264648409
449115619
510801224
299729230
441165200
198534390
386133629
339077204
284275240
265131619
232823220
212001219
360522000
273542029
271495240
288448039
385808439
216024400
344222799
435664414
214704410
293105619
258224419
269976830
361545999
629080409
311152400
357699599
653205640
398386009
670266019
382958010
465505220
327944824
273234829
432441200
273531620
290436820
367704409
473616039
419430014
417688394
456722004
348473609
359268019
278573609
420736419
334044424
375717204
299538010
349129619
510613209
483778424
347922019
396581609
486883599
350053219
511652824
400097214
358626804
331421194
323564010
357856404
332355219
288665620
411341220
270482010
270426019
266744409
265779619
336352404
534008409
296754009
225466409
408708820
329528009
262105609
371362010
329647609
218270810
204146819
386984419
364094809
305770800
321513619
629106410
456356399
252451220
296358019
327992409
331608409
430752404
235321230
242576409
224470029
335589204
279544410
531448399
592345219
290723600
576324820
259551210
225763599
275973610
327488420
373128400
394594789
350386429
364151639
375667229
417750060
573160839
349560014
282849999
342671624
329408409
357366799
255326810
415224409
279142029
351101199
494159639
428636439
402394014
330277204
281818049
381995599
405605209
347398420
443541189
290704819
401195619
437586004
362994004
315684439
340472404
552686419
252280410
366264439
364546419
397302799
382493194
443779594
369509209
506544404
306945610
350540409
546198814
283620410
270370829
334825994
499314004
246328409
684430819
422144854
513893209
340959219
523515209
372229204
381636419
378840829
540585219
275699639
364088014
394053210
298176409
333023210
303419610
461304410
361640034
363766794
495034434
472143660
399939599
284285200
233874010
398168409
438528019
288914010
472651224
625001214
593680399
300796010
234104410
340542809
321052410
367942810
341867610
328050019
342493199
409656409
286956010
565790874
378100474
190809219
216545999
221844009
223550800
186604800
482235219
261106009
310064014
335730004
497236019
322424409
273188810
357690019
235280800
410204850
282815639
460594430
333979624
495146820
422458414
251635199
322544840
218479999
296425620
199840410
370536439
260080400
352515629
364094809
391051609
534843629
347064404
275749209
369701209
276862420
498388834
432203220
363264029
276747229
196169999
304262020
291238409
316013219
294484410
403369620
336376410
400376409
542392404
442967624
278650420
293544029
206920419
270724019
232043610
326118019
319848010
458782804
393225210
343480404
229345610
286814810
271468409
366285609
387034829
313572010
263186010
357883209
458934019
765536419
445409614
631011994
288423219
290450010
322006029
289021200
338915599
357648409
361176404
294443609
331088400
252425220
252248409
301355610
292120020
282718820
290616810
521350420
391892840
295022410
244726799
659738024
274183210
245010010
281040819
401721614
278288399
365645234
348350809
523809999
642394814
201087200
314412410
380542010
339602820
523955220
404305220
360405204
554175209
461930419
566992399
346094410
325720409
220822800
435342814
350852829
341139609
382987609
297712010
355037199
406656409
355539619
260080400
389747219
211499609
633619624
230972010
400821214
758878804
272945229
432563619
326136409
297938010
300489620
308626010
322132420
316192819
382142809
341844009
355307604
236888009
307587599
359605210
264778399
297938010
502177619
248703619
294691619
527580010
273982799
250023600
425465220
201669604
272988830
303598799
145265438
340215629
270644819
262155220
333560409
205633610
380304409
330650834
335134804
401312410
309826829
209328419
452344409
567461214
489825205
493898024
469124820
387907220
397528404
314079210
313144409
284582410
402981209
472217230
492868794
415086830
307659630
384801210
302412440
258743599
285235219
364094809
393896024
382435599
261186009
362073200
370048034
331778439
302704419
284905210
412912820
282972039
543450014
415599240
371882409
308416819
503824014
577747604
307256409
287318800
212918819
249319209
684658809
310064819
344818004
318325209
288787630
322486799
431370014
398633999
337424399
236008800
228623220
323479609
308104019
336786404
259499610
323564410
184573600
272165209
387527229
262361210
429566809
283448409
329464819
418774789
300766409
464082004
373587219
459013204
352040029
316473220
388982799
293238409
626546009
319784019
333912404
223320409
326642004
357340410
266890000
301856810
495352054
449887609
445802800
364094809
404958810
277987599
432664010
373086804
269864419
401115619
272544003
403424419
691526809
415960409
345427619
357053200
353670799
535666004
544984409
286275209
452069194
421560839
411184024
424041234
232833200
590194004
453714029
208882009
233944404
327000409
262992409
373086040
442457619
432684424
244598799
414144014
392981630
261754820
298386019
178307609
357230029
294659219
283250800
753304414
285264409
291084830
294085210
281582010
395245629
221078029
285187609
403506009
426154839
351328829
364611620
479872019
280509200
403345999
432597599
268440409
348605200
266795609
369509209
365097999
217417990
260272400
220901209
421345219
342974439
357088014
477920439
317576819
283357199
236653990
315736409
391061604
255568409
251317604
254973200
318589200
271645610
431564399
249249210
295386019
350104014
285356419
264888409
292439220
355580440
327940010
187554410
261330010
402541210
417522004
454830000
365098014
454970009
379480409
399506010
491625989
315762410
343092819
361864819
325138399
402956424
294732820
202504810
364938014
487531220
486339595
228088810
301972439
389112399
178193610
582951239
333342009
235192409
413368409
300112409
396361999
485189199
313578810
248393999
406758809
353047234
360688020
306808020
414131609
307747600
335145604
314120789
249576400
413701584
292749599
277104404
369487200
410405614
338442429
439960019
414537229
355688820
418150814
294129600
363212819
260439240
572776030
284484020
307094809
262315220
314604819
294128400
376726810
196668394
414943605
314331619
579448410
566504424
314424399
273344419
248517610
588262799
301488409
620664420
212277190
238739600
356696024
253032389
370264404
247916000
179624419
271480829
284884419
377213199
225912409
