260021219
348946019
394749620
355202840
247709239
330569210
326295239
383934809
226958420
395142799
280698009
395257219
315218004
360811604
367315594
260960399
361526039
332852004
224075219
334460430
328541220
294357629
540641624
515052030
587438824
257733610
412688809
322373239
314454820
381942789
374032009
481798040
428398389
188432810
440408409
250359630
269026830
277880409
264843609
285304409
284392400
259240409
295905220
263081999
224151200
397472419
255838810
258378000
389030814
336472409
502057214
321212034
299122009
452909614
805731584
284726020
287167240
265798410
306648409
212133204
408638419
301968409
227728409
213471610
442885204
624864404
313251250
300372419
493150789
448875620
322934784
306045200
327184419
361562014
282671619
326642004
336096420
295174819
309609219
280017219
314380830
246652819
251616409
279248019
206391200
209858019
173911210
246514834
183116440
325234009
213955600
477142810
429202004
281121219
552846819
270006019
308068839
257693210
337665990
381942789
270456810
325720409
325776009
635446419
298598000
311062799
316352419
319286399
248165600
257258419
399061249
651123239
275909210
272274010
315726800
258024819
259802429
380216399
449530020
344792409
459287609
327493204
235032409
330739195
381302419
301355610
332094809
561827234
396265229
225352020
381130004
333402820
412053619
557296030
495077629
409244419
208288810
407410009
347411204
444427609
315736399
346426814
368098014
274128409
474697999
334915599
598102019
409419230
237950000
391918419
484419599
381170009
532962440
168483208
254654410
495303199
418657204
267829190
322372029
316112820
520597209
346635604
379392409
343628819
335872020
296440409
303173210
229398800
421365220
446536409
226864810
291805202
323564410
368519639
300104420
262872409
426313229
361161630
253453600
231013630
446826819
522792409
564229204
234393230
212491609
342429189
229304009
265636000
277537620
348886794
235922010
310647209
299992009
259180410
370456394
248363609
326709240
437064024
244978009
333520409
485208409
426395195
259320409
367704409
255528409
381995599
269806420
356331604
322584409
369484819
457509204
310443610
314260830
353426009
267344800
325622820
357976409
451611609
690968429
313144409
318165620
529157204
392094054
267486810
431649214
510640024
295826829
414750384
193141190
386452034
346571609
282274839
266741619
237835619
212161220
365088000
274342429
272775639
297127640
381113240
211974799
346742799
430025214
213059610
297145620
260101620
271682030
350941199
645968410
301268800
355037199
629333624
401323610
651744809
387378009
468607220
343022434
273916830
420214799
273092820
264222018
370264409
485051639
444808420
430033999
463398809
337547604
356978420
281592409
412152414
340216024
367922009
299096010
346918019
507664014
490217224
334556819
407002010
451075589
340864819
514969624
410790414
374313614
328816394
327832409
357976409
325749209
296390819
410699619
266635609
276758819
261368410
270924420
341222809
523102810
308672010
229624409
390190409
323166810
263967210
369349204
329408009
226593210
192421219
386624820
371898410
303779199
321513619
629746009
466901600
243145619
300530019
323563610
333591604
430872409
224743629
237739610
226080030
336472409
282579610
523896404
588000820
299316000
550352809
253372010
227377600
277694809
322697214
362064394
402294799
352333625
355732834
370642824
401678060
562749234
347857619
283209999
344784424
316325209
368169999
257052010
406776410
278106430
335374790
497169239
438699240
401431220
336471609
278982849
384856409
411422810
347038020
470578009
296746420
398584814
431339604
363154010
317729639
326104399
531172020
252280410
353272034
357203614
400310799
390336799
437200399
364363609
499544409
293868810
350983210
509272399
291726810
263629229
342397199
509720409
242226410
666516019
426912059
502942804
330368414
530984419
375038809
379101614
375912024
537026014
263245239
374417620
393893204
289336410
324103610
305720409
454744409
361960839
352854794
504174029
454439254
393814789
282211600
233874010
392376404
438729229
290872409
487859630
637448419
602328409
302224809
234744810
333752404
314679210
367983610
343124809
313846819
349491199
403621210
284997210
565751274
393518880
207514819
212054800
237758809
220695200
181770000
504689630
256773209
312407620
338206810
494050820
322344409
281362010
356848814
228726000
415265250
289417239
443347219
332562029
497796020
419429614
246301199
319032839
214918799
300464419
197752410
374971640
265602000
356598424
358825999
396541209
514892419
339768404
273854809
380306010
275484420
510602439
418699619
379043640
269720829
190429199
308458019
290450010
323837219
296440409
389929614
331608409
392075604
546379609
443209230
271384820
293384029
210591620
265780820
228734809
321811219
315896410
465336404
391096409
353426410
225016410
284683609
264830809
372416409
371590014
305650009
261221209
360716814
444110814
779960820
421965209
673129614
293108420
289528010
317926824
286736399
328976399
345272404
361176404
296400409
323907599
262134420
254002009
301355610
287111620
279229619
292641210
503726014
389095239
302008409
246653199
659698429
268651610
245010010
277456820
405050019
278288399
366085634
363256409
516882004
647007620
203133199
315799209
368446804
324402014
486461604
398324820
365183610
569542419
453100419
530264389
333997204
321003604
219222800
429542014
348691229
352395214
350712394
294584409
360361994
406616409
332436809
257374400
382102014
207655209
585898409
233336409
409084414
753227594
276552829
421384819
309763610
295902810
304594819
309626809
326038819
316353620
392952409
337547604
357976409
229938810
314544399
326275589
261782800
299133210
483190814
249590419
302622419
491987594
274264800
248003599
417053614
199448410
271056830
300431199
152866410
339975224
271005620
261592820
333400409
203480409
393064020
346766840
344818004
393893204
318514029
208826020
430560404
571264014
500241610
491138429
453067214
387345619
361112389
318446010
300312409
279576409
391659604
460081624
478345994
426155224
290642424
379352404
305930040
257897200
290882020
364094809
386518819
359997194
259499610
348886789
363483234
327768834
300504019
284580809
404448414
279988840
561464414
415599640
370374814
301943620
497555219
573598804
302908410
293496800
207315620
245010410
693904014
310104419
344818004
314078810
289394830
338526400
420593214
391559589
344950799
236248000
231300419
335545619
306496019
328069204
258498810
321349210
186518800
273728409
394467629
261368410
408709208
279634010
331334414
431792400
308226409
486647610
361082819
459013204
360828424
315630420
379830784
294444010
613451609
327969619
336416810
229624409
317470804
362575610
264771599
295153610
474057249
450408814
405693194
378462410
390622804
277987599
418785210
367576399
273451619
393162009
299712809
411025224
672370009
424672404
334156020
368446804
343299599
512877194
522712409
290872409
454341999
421160034
398144424
423882034
230953999
565141194
464980034
205214410
239744410
319247994
259500010
356822029
433705614
454840829
246550800
433596020
370781214
255437219
302583620
179392009
359528439
286745219
277105200
728368404
282982809
282532029
299509609
283288409
367532414
224232830
281202009
408251604
405243229
339896424
357984819
455056014
280509200
420792409
420432399
270177210
355721199
268600409
371801604
356720394
213817989
262168400
222558810
423948819
342086029
364152420
466544029
321831219
285456402
234741190
315896410
392024409
253894010
254008410
256843200
306417200
274168409
413417994
242633210
296865620
359549219
291002420
259310810
294170820
346696029
328459604
190288409
264768409
400190809
408683604
432112394
377409619
465296409
384805204
382827604
527157194
311755609
345627624
359456414
316470799
410353619
300692819
195076405
362812814
465100404
475350794
218232810
311005239
394816409
159111609
589935639
337272409
234271610
401195610
294085210
375971594
505688009
299813209
244835600
381400399
348916834
356043219
308098019
385483599
307747600
333997204
307509190
246550800
446621999
292913200
278336399
358870789
404756814
338642429
442985620
395946019
353357220
409771209
300097199
365699219
252912039
547405614
285205619
304742410
261754019
330141219
279700399
360651599
215912810
418539610
302752419
591424409
545586024
314544399
278802420
251896409
588302799
303244410
625080414
218495990
234508800
360668430
245089989
373026010
243056800
179744819
268313629
283415620
360534789
221604410
