265091619
347776814
361729999
340357234
247910040
321503210
313744839
392075609
225552020
389342799
279736409
407937220
328254810
373899604
370736400
255195594
353436839
335409204
221324819
324516030
332987614
303426829
530072019
502059619
606094829
262872409
427676020
312460434
310435220
403358799
371460010
484080829
442083600
186283610
443546009
248528430
270171629
277880409
265044810
285304409
282905200
252197209
292438820
273052000
220925200
397152019
259080409
269506800
397146019
348408409
522481620
318969634
301195609
447520419
818749194
275178420
293556839
271138810
304536409
210686809
424319620
297979210
227367609
215610810
455691609
642904404
304034849
296558019
508114004
443573219
333238799
310392800
320531209
382963620
277737620
333520409
314816409
299106019
317960820
278275619
316513230
251093219
249362409
282872820
209402400
209777219
178202009
252370039
182062840
331595610
216477200
464122004
441701209
284878420
549501619
268506019
305766439
259499610
345531189
400310799
267518809
327998809
325494409
635364809
300677200
310982799
322332820
312854800
249981200
257379219
408545649
634710829
268011604
277680009
316286799
262894420
264448830
377528404
427866019
352088404
481718419
339525210
233458009
331461199
383850819
301355610
332254810
552040040
380749219
223264819
389240409
325244819
433250030
564460829
501297624
398682014
206040410
401606804
372204019
449598404
338528410
359696820
370532420
274168810
436342789
324560384
586912419
399377229
232842000
381456404
488041994
381330410
533003240
193063610
253752409
506504404
432907614
273527590
328400429
316553620
552814819
357884410
374104409
347792020
339836819
285615609
306503609
227734800
416779220
415960399
233505210
291805199
324369609
368397234
293346019
259499610
415001624
352836829
256697999
226786430
450385219
508478809
560158804
236673629
215570010
363734794
229464409
257097999
273832819
348926794
231936410
302731609
287858009
263032409
373475600
248960009
317284840
437265230
251176010
317470804
484204004
426755599
253018010
367584404
250502810
392559610
272806820
351262804
317944404
358190819
467032409
316856409
308582429
355590809
261782800
317426414
357976409
457752409
678364034
308480010
323787220
547545204
396502860
265947209
443534019
507590024
295706030
435461199
191643590
393520839
361400809
285351639
260746019
229803620
215807619
360361994
273781629
266170840
292305240
381474840
210213600
338902789
432864414
216231209
297976820
260221620
271840030
345558789
620376409
308701199
352214794
648953239
392029599
647546009
374923609
471987619
345085239
276548029
420214799
272059620
303987219
378104409
473656434
422338414
439333204
463358809
337547604
352715214
283527610
410105219
346913230
375717204
302780410
342612819
524414419
483980424
338784414
390891599
476165199
343372820
514246019
414346019
376566814
336512000
327992409
360485209
330406814
300073219
397484814
271245210
278714020
257624409
264185219
331602004
534008409
300926809
229503609
393403219
327621610
264888409
358011599
320779609
221784409
196423620
384249614
366629204
304099599
326097220
621253210
447261199
253422419
302715619
327992409
337918409
430872409
233472030
237739610
225640030
324376399
273624409
554384409
592705619
290683600
546442009
261370410
220925200
274443209
323264014
369808799
386742789
336932419
333563624
368394830
408640054
569330040
342728014
277104400
333984424
329688009
346243589
263026004
409592410
279580829
335574794
491270439
446977640
401230409
338670410
285306049
398520409
408394004
342372419
473867604
288625220
387980814
450238804
362391604
302891239
331000404
535118814
252280410
363832039
361204014
403318799
391139599
443659594
384145610
506584404
309312409
346635604
515798399
292446810
272077229
329725194
478341204
241376010
661966809
426792859
517450004
332140414
541507219
375038809
384651219
380968029
543862014
275739239
369353619
385473999
297976009
318104409
307180810
444864399
370328039
371990799
489367629
464493254
417355600
270683190
236044009
415024409
438968019
282158410
475580830
658008429
610176410
305583610
233944409
329304409
315368009
358680409
348094810
321550820
342172394
403941209
286955610
557144469
385529269
212799620
213577999
232283210
219108000
181770000
498508030
256973610
312327620
328779609
487358819
318113210
281362014
369248819
227608400
403055244
282975240
446081230
340516424
494384419
425527619
251875599
318872039
215677200
302103220
197592404
368318840
265199199
365844429
358866004
388126804
521930029
349656409
275909210
372312409
275724820
516949240
404075204
374814839
268364429
195572000
302904020
296440409
325963220
294484410
410359619
340864409
386648409
550206804
443047624
272266019
295457230
193770019
269409620
230469210
317464419
322024009
461939599
392625610
348613610
226552410
284683609
271791609
346840399
372277219
316603210
266836810
353577209
467565220
706040009
442625219
691149219
296670419
290450010
322448030
299687200
326531599
323179594
358680409
295677209
326313994
259137619
260574810
301355610
285548820
282557619
288512409
524474019
396406834
302008409
241354800
664164429
264310810
243173209
282391620
388602009
286651599
379416040
348350809
520606804
642475214
202330399
309950809
375848009
337213214
520429214
382307599
355347604
569862819
432163604
579288404
343698010
325600809
224022799
433225619
355140430
355247620
382867604
287588805
371254000
400059205
351424420
265721999
371975614
209679610
633979629
229573610
417466820
770021209
269495630
429678419
329778809
301808409
299238820
315000409
319898019
313584819
384805204
344696409
363154010
237877210
314544399
348453204
263703200
295742809
479671614
250197219
293320419
524129610
270294800
246185999
422194820
199648009
275968829
296873999
149235610
346507229
264666019
262917219
324389209
203600409
388104414
334749639
344818004
391166809
322857630
209769620
430560404
529550399
492870810
494262824
456648014
382944419
394776409
318325609
306808410
274091610
411432409
462743224
489488399
436702429
309450029
387384409
309448440
262207200
294299219
361560409
398454830
374141200
257733210
357117200
372529634
331819634
302423619
281464409
415560819
281199239
565124020
405472429
384635219
310468819
507099614
590154004
294974809
291583600
211587619
243173209
693944414
319936820
352080409
320088409
287520429
317801999
432130819
416329200
322051589
234384399
235639620
336972814
312164020
344056410
259499610
327992409
190033200
272326010
389880424
255832409
423653209
276886410
325044419
418934799
309392409
473347210
359343619
484992410
354508429
310970419
406806799
293963609
639800409
327650019
327000409
213180009
326642009
363256409
269760799
303504009
492716860
465784819
418243599
364054804
396229204
277987599
404024404
381272409
265005214
400674820
288253209
409025629
677710414
421088810
328033614
377754810
348725200
547000409
545144409
292108009
472210410
397970019
406264424
424041634
232068399
577867609
446175634
214496009
240978809
331608409
261347210
372726040
445320414
438132830
244758800
399310804
390418829
262315220
304582020
178912810
349040834
290522020
280733599
743346009
285304409
276164429
298130810
271845209
392668429
209750025
287160409
412069204
438617639
344677629
353540819
464312419
286089599
403506009
433279600
272312810
347683994
268600409
372082004
378954399
213537589
266037200
219403609
415494809
345036434
352353214
463329234
317617620
285456399
236735190
315736409
394776409
229979609
257223609
254412400
323248399
274168409
444786409
245312009
298345220
348294019
289574820
262989209
289130009
347296840
328459609
186846810
261370410
402097604
408322799
438877199
367664814
455851610
380814804
395938810
550380400
314078810
352351629
352834014
328470799
408301624
294691219
190557210
370030819
487934020
486339999
226392409
305866840
394015204
180428010
589936034
330277204
237461610
396229199
287858009
378638789
495358004
301928409
241117199
409656409
363990034
358265619
302665619
388312399
314102000
338827609
312375590
251445999
462704800
289021600
276344400
391396000
416136019
319664819
446131620
419471230
348614819
408006814
294128400
377449219
262874039
551472419
286514020
307576410
261472414
321585219
294128400
366022804
213739610
419339604
308501620
579288404
570104830
318358000
275844820
247718010
601099604
293707609
621184819
215565189
234510400
362856030
254701190
367704409
243016400
181402019
274808429
281946020
366147599
219710809
