264851619
350062414
364171599
351013234
244921234
313560409
313344040
392075604
226678020
397384800
277854810
381857609
333078414
373899604
367837199
264061199
340513634
342840409
219890020
320202024
329502419
295987629
568107230
514653224
580201229
255807209
423908414
318352040
310555220
406005994
356331604
493644439
415593989
190538409
443506009
250118029
268826830
272154009
270496809
285304409
278646799
258316409
291024819
265187600
220925200
396911214
259240409
260273200
391026819
346134010
529116820
311803634
303469610
443964414
850653194
279069220
287130039
259463210
300312409
216632409
405523614
302008409
226764009
214111210
451849610
610421994
310894450
294972420
519256409
449757220
312830784
306045200
327505619
368656019
279209220
324389209
312824009
300530019
312097619
273704419
312406029
244784019
251896409
273513620
206231600
205903220
178750810
249343640
186264839
323166810
218161999
493840410
453602410
284556819
539226420
274666020
304792440
259499610
326685184
405564794
273648810
334994010
319532010
631115609
307322800
311062799
323964419
322111199
253376000
259258019
406093649
638764039
280948809
272154409
316285199
265011219
258241629
387876805
429586414
359023209
494066019
332177999
233618009
323926789
378154814
299282009
331974804
538349634
368912414
226636419
359755599
322733214
431080430
550649630
491566019
400982014
205879609
418936409
364667219
457223610
331654804
344188819
379946020
274168409
464208394
357056800
597860814
396379625
232521999
396769214
480677194
388280810
517170429
190585610
253351609
485144399
434278019
271937590
320402829
309527614
545515619
350943210
384640409
339868020
327059219
291402009
303892410
244096400
402891214
434482009
238904409
296291600
327912409
366516839
297306020
262792409
426073229
354596824
249565199
225243229
443910010
476133199
576600409
231350830
214110810
359030799
224856404
251568400
275744819
354160394
234149209
302974010
294085210
252274009
362358799
249639209
326747639
447776430
248517210
326642004
488626009
436400399
253256810
370264404
249702410
390137604
274382819
366789210
322584409
359744414
457228804
306008409
308021230
355268809
261782800
315447214
370680409
432709204
682566834
310953209
304800019
548389204
394498059
264208810
446425619
494145619
301439230
428918799
196056389
388275234
339077204
287347639
263324020
239185619
217728819
359760395
270522829
271294840
297327634
383420839
216144799
346622795
441464014
196421609
298744419
260382420
272903629
361546399
633512409
313283599
355037199
649232839
372907594
687304419
397744410
477909220
336395634
273435630
404374794
273571620
294731619
370264404
476563239
439509619
426987604
446806794
336867610
348414419
281392409
393856414
346992430
375717204
301599610
335573614
518275219
481001224
343494420
395616804
476125194
338278019
511733224
405083609
404244820
338915599
322438009
362994004
332916819
294028820
405870819
264792409
276998019
265941209
265740420
338827609
523102810
296754009
229144409
393082009
323166810
264445209
372082009
329688009
228048410
199680020
371378409
371858410
301392800
320546414
634072409
433235184
238904820
306446819
318974809
344953610
430872409
229048029
242616409
226080030
329246804
281464810
531328399
577250414
296337200
538580809
264247209
224192000
277855610
319521614
372166800
414002400
354762829
357535239
377798429
399010454
524254014
345914019
279180400
342431230
326981210
340841989
268560409
400824404
281617230
343498000
467073624
433647240
404880014
334834009
279304450
395659609
408434004
333401614
477197609
302185220
398585619
446596810
362634004
316004439
331000404
509458804
254048810
357576839
347079209
406326794
394008799
433750794
369509209
510305210
309151209
344242009
535666004
288293609
267441230
344710400
499314004
241374810
662327619
407920049
491952394
343093220
527610819
374878804
394467219
378560829
536505614
269330839
359024409
377374804
294277210
320344409
302491209
470744009
355303634
363646394
522816840
441620039
402921994
286399200
232047210
431321610
429866414
284277210
466792430
653750824
610056010
307576409
238504810
338680809
310443610
358680409
343369210
324278420
342493199
395088010
286955610
563015280
395546080
205254419
212818800
243672009
226605200
185725199
488696824
257573209
306380419
332532410
490344020
311384409
285268010
354600814
224169999
412694450
284666040
446563224
331680819
504017219
425648019
253001199
317336840
211713200
302424019
201744409
372352839
264098400
356838829
363536010
396621209
509057224
356552410
271035604
377534804
276622820
492080429
424148819
367772834
276627629
195888399
304460419
296400409
319544419
294363609
392954019
333912404
389282004
538565199
445774829
264156420
298760429
210330020
269089219
235192409
315591219
322023609
482000409
388327610
348132809
216174810
282712409
268612410
354123999
377410424
309028404
273054810
368218019
438076810
725307209
442059614
709609219
296832020
296361610
318570430
286736399
319037194
347851609
361336410
296440409
326273994
254704019
260496410
307576409
282943214
282918419
292000010
507210814
401000840
303564010
244927600
663884830
270202009
246207210
277457620
398631609
282610400
363484034
340818004
531941209
634013219
205386400
317386009
367645210
328377219
509853220
383149209
352798804
587988819
458774020
583281610
350123609
337152009
222422800
433626419
351054029
350465219
377688409
293824409
359639994
406616404
345945614
261385999
386740814
210079610
614734824
232895609
430490820
769460399
274688029
418820819
321054010
299087609
300610820
312755609
318346019
315551614
379480409
344616409
374698410
233714009
312124000
348453204
267542799
305479210
492464819
250558820
298878420
521198010
272278800
248003999
430565220
197916410
274598829
301438400
151312409
337985624
267214419
263964820
333041610
193623205
385263209
340297229
344978010
402232409
314412029
211816419
470136410
571064419
490226004
469464419
462606014
379942419
403072809
307269199
310348809
279736409
411312409
477944430
489488399
428951624
306272830
376728409
308070440
264061199
289294420
369364410
377083224
389971600
259340409
343613194
374891640
324038034
294944819
281304410
417968420
278295640
556717214
420505640
384154820
304316820
500468419
561112399
301356010
291583200
207595220
246606809
698606414
310105620
351196409
308870810
287600830
324431600
429396819
395398789
337424399
234584400
226844819
328458414
311643620
337026004
258900410
327672409
185840000
268638810
380428830
266744409
408549194
277726810
335475219
418774789
300926809
470872409
366125220
484989209
358601229
313664819
373942789
291158010
608284399
325683620
336376410
221784409
315218004
355486410
268848400
291416409
492876059
456127214
421502000
374352409
404158410
277987599
406904399
394008410
271939220
392880820
292446810
413743224
681968004
406968404
330168014
368606810
348405194
535666004
530136409
279877604
474927210
428687639
411224830
403896429
232790800
594462810
448541234
209675210
235544409
333471604
262192010
370601640
430360409
446587624
250094799
407882409
395788024
260024420
308097219
166886409
363964034
294579619
279139600
758642814
279544410
279729230
293925209
276766010
399760830
221399629
281403610
406199609
415639234
346466829
360366414
454856409
282570000
411989204
410787594
261950410
345872399
263186010
360546399
353981194
213581590
263981199
224056409
418740819
344755234
357329619
489657640
323916419
287756800
244096790
320289210
392024409
251857610
252120409
254973200
323248399
270482010
444786004
243816010
290584414
356772024
287184420
264049610
300296420
340633634
330725209
186846810
259350804
397400409
402938004
438717194
372517620
455692009
384965210
388440409
503536394
313918804
361088029
363992014
326103600
413687629
301960020
192638809
355232004
472557619
489989599
226552810
303940439
397089210
169426410
604227234
325720409
235192409
404598404
304278410
390467599
502766010
296612409
241117199
401163604
365914034
355280014
300253220
399787604
314544399
338667604
319233190
253881600
472657200
301172800
274909199
359030799
415534809
332423629
436452414
396467224
348134419
407244814
296291600
370351620
252389239
580224024
283576020
303429610
259136419
315126814
296291600
365379600
216312009
416314004
314611219
570782009
559304829
309050004
277744020
251736409
596029604
300094810
591265204
220240390
233905199
361229629
252751589
392946010
241117199
183120420
273545230
283255220
371760400
222892410
