266888020
346306819
382583219
338922434
250896840
304056410
321007639
389362009
225471220
374742794
279296410
379153609
308299599
365982799
362358799
254429199
348887639
328019210
205450419
328108029
326456420
303389229
543802430
518492430
565565219
262992409
384762394
291834034
303644420
397142789
366789210
496896440
434940794
170754009
427858004
232742415
263469630
268336409
265003610
284743609
257115600
251677210
294613220
271024399
222665199
409974019
254098010
256323599
394107219
341182804
522642014
309361634
301075610
429109209
773867579
280753619
287130040
258499209
295928404
214826810
400097614
302008409
223198810
209533209
436401994
610180394
305588449
296239220
526578004
449516420
310294784
307500000
335774419
373064420
277657620
324389209
325535619
301954819
307719619
274266020
316274030
247838820
240838810
275343619
187649599
208298819
171447210
245124040
183637640
329768409
206988800
467397199
423032399
284435219
542253220
270166420
302492839
258900410
326645184
378934789
275944409
323442009
319531610
618727609
305240400
305863599
323685220
315199200
242550799
245547620
406135250
580372414
279658809
271553610
308771600
236968820
255238830
380216399
415290809
344552399
465380804
332178004
223410810
331421194
388263220
297008409
334586810
551921239
383384030
220732819
357118799
326912814
406233214
543802819
476296019
397799604
208773209
401526799
372404420
434661194
331854804
341228809
360517209
276024409
453878799
354949600
589826820
392006819
228598000
407273220
458742789
378533209
504487629
192104009
253752409
506544404
439531614
269901190
322290830
312177619
531150009
336901204
363208394
345348419
324374814
299913609
269740405
232328800
424558819
418993994
238784409
300617999
327992409
359625640
300544819
258699210
428520019
345510430
251568400
228129230
440833209
471570789
564029204
224082830
211811210
375472399
229504409
250806400
275144420
346249994
240398809
311288409
294085210
259142410
361798789
244329609
324881240
439429634
242405610
337266810
481630799
407305984
262204010
372424810
255608409
364988790
271266019
351262804
315704404
348209614
441477204
316816409
310153229
351019610
259702799
312988414
355067599
438769999
661998029
313144409
309036420
536265599
405122860
262390010
434500009
487162004
290456829
428758789
188006394
395902840
331582799
254925239
254228019
220979219
218211619
368632000
273862430
264889640
297328840
378845640
213219200
346742794
424064009
208360410
296985620
261698419
269576430
361545999
598216394
311152400
368509199
645140829
401163604
696423620
342949189
453463219
334534034
266447230
441608800
269342820
296719619
366942404
473816439
436201220
417688399
456721999
328069204
341020009
276924810
396665614
340417229
380028409
288432399
351303620
514925219
490659230
325939614
396581209
469059599
339078819
494546014
418851220
372019609
321481994
321349210
365662810
334624014
292426819
372647999
270482010
273212019
263120410
263904419
333516810
500169994
310717610
225831610
385328814
324390409
253130410
374296410
329848409
225016410
196422020
384530419
363734804
305650400
315057614
581675589
466980800
246852020
303940019
331701210
322232404
427864804
223536030
238565210
223342024
330436799
284223610
504696394
561274009
300572800
512007189
253212810
225763599
273931609
321150820
364899600
402134789
357112829
348636429
368954430
394837244
555408019
349880014
283209999
346776830
329728409
373731599
260260009
395192404
281497630
327971594
505476834
419995624
394054809
338911210
283747250
398520409
408594010
337066019
440491594
296904820
390512014
440709199
352798804
306698439
333368404
527306809
251439610
357494434
352001214
388118794
382493194
433750789
372082009
485144394
309432409
346635604
509272399
290491610
271757229
319363184
509198410
238962809
639903609
426992460
506499599
329927614
502509204
390218410
386422814
375791619
511878809
266090040
361296414
377374804
292267610
326824810
305720409
441784404
342513234
382064000
504294029
469498459
390832394
282212000
239582410
409592410
444112429
290392010
466791619
637488414
626992410
301075604
235704410
332986004
313714009
361216409
343528010
317859219
345200400
401123604
284997210
525367249
384222879
211669220
213780800
232042810
219392000
178452400
457232009
264118810
308123219
316875599
473736009
319688410
281969209
366960819
224330400
408558850
281083240
440293219
344793629
485152414
410904009
245582400
317016839
215880400
274056818
196911210
342067229
272751200
341468019
368923610
395701210
521489624
352088409
275147210
366930004
275484019
491920429
405197209
381058440
275071630
196129999
302824020
296480809
325843220
290450010
391990014
340504004
400376409
523096399
418431219
266886819
298559229
211893619
260194820
226600010
328032420
315214810
442238799
395435210
348453204
224376810
288786010
256017210
358923610
370111619
307800409
263186010
368498420
444031214
765695219
442424414
668173204
291346820
296320409
320489229
292911999
316592394
342853199
360213604
292447610
337747200
258938020
264004010
300555610
286950820
280914420
288352409
493270809
377309224
296977210
241314000
672455230
271550809
234184799
282391619
396265614
289888004
370490040
357541610
550126010
604535609
178339598
316362009
378639610
349946020
510696019
404104019
372388410
572741620
440790809
538488394
340142010
318725204
213862799
416176409
350813230
356936420
385037610
285480004
360244800
415144409
347984020
260080400
353885194
212640409
617644814
208461210
414527220
786133604
262840430
423748820
323935210
302008409
302422819
308626010
324124819
322177220
365848399
337708010
355307604
233714010
311921200
355832409
252022799
301327610
475952404
248784419
290340420
484965199
270294800
249981200
430764019
199928409
272827630
300758800
144438410
344316029
266381220
261590820
303633994
199570010
374784409
342867639
344014404
382827604
322697630
199919220
452024409
552006804
459062789
500472429
462405219
372337609
388550399
321732810
301744810
274091610
394169199
472177229
467203589
429192829
303683230
384082010
303950039
263499599
290400820
373591610
379582024
362761994
260384810
359076400
366045634
333965239
290304419
279544410
374561199
274869640
538788809
405872840
362683214
300373219
506859220
577788004
300353210
293654799
207435220
246686810
702908420
305779609
348860010
317886010
278832429
312638400
422806009
404624394
351998400
230979599
224245219
330446414
311679620
328069204
236447209
321189204
185174800
274168409
363151214
258816409
440593610
283448410
329906019
438141999
310799210
477502804
337316404
471498404
349774024
314546020
379830789
296400409
600037194
321351220
334072410
225016810
331147609
348350809
279800800
301296410
481967254
474802419
398897984
361440404
386937599
271516800
407064409
377633599
274924419
388060814
262920403
403544019
667670399
415720399
330167614
365739604
340566789
542594010
499960394
286955610
455506004
428888040
406224829
403696024
218328798
540082404
451467240
212822810
235704410
336376410
251633610
372685639
456895619
424029619
246979999
428094819
395308030
263724420
270644399
171609610
363802039
285516819
283209999
723670009
285144409
282410429
299272010
281222010
382357219
220918024
286960409
403265999
426034040
348457624
350757214
451744409
282571200
399527199
417110789
272312410
332688384
243685610
379119610
361678389
210741590
230122399
219523610
424349620
347017639
364633220
492432039
319424419
291035200
238000789
312958410
405944409
252178010
257464409
258069199
316139599
274128409
422872399
247864809
296825619
343390814
294379619
265827610
298400819
346976440
327978004
160559203
262065209
407842810
417682010
435414789
357799214
446046799
362222394
377374804
515166789
302019610
359072824
355322019
328470799
397328419
296397620
190360010
365418819
488372420
475350789
226113610
298400039
397688410
175677610
586163634
316246799
230469210
384856399
298090009
378035189
470654794
301888009
244196399
406119210
342502029
350316814
300254419
399787599
311676799
331602004
309302790
227180800
450246799
288301200
280773599
374990799
407681214
340607229
448396019
396426424
368233219
412696814
300137199
379376020
238832025
529368409
279112819
305503210
261552820
319164814
294128400
381616009
209724009
409539599
305823219
579288404
556425629
311640000
262428820
251256010
588382799
295742809
596208004
217269189
231114000
356574829
249141190
359864404
244836800
181728419
276752429
281064819
371242800
220861610
