254631219
337434014
387706820
342952839
242214439
322264009
320968840
372760399
225350820
383542799
274888409
384240809
317310799
381736409
378953999
261241199
357743640
335890014
217700820
324315629
337354420
305020030
543843624
511854824
572521224
262312810
392774399
314850439
314253619
397302799
351262804
493643634
454570800
187097610
427697994
249998829
265734829
272774409
268239610
281464410
281979999
259160409
293845619
267133200
225563599
402224014
255678809
264102000
411614820
324376399
512469209
315646439
301195604
456666019
811879984
273774420
290402839
256339209
306808410
216632409
376820794
295902810
223199610
211850009
439723604
615864404
307302449
294972820
515395599
435021214
345878804
312562399
318354009
366250814
270650014
328214410
323263614
298624019
317879619
279162419
312688030
248198820
251655609
280800019
203901200
198830420
177562410
247708439
183236039
323166810
215717600
467437204
441701209
282578419
534638420
274746819
300592040
257733610
337185184
391126794
275583209
327998809
325253614
631917214
299235600
308703199
326158019
312854800
248163600
251698814
403521244
638198434
275749209
272274010
316285199
261337220
254998430
390649610
418294409
354520409
480876414
327493204
231163210
338915599
391131614
301235609
329643604
541652429
390639624
226276419
378533209
331855619
436059630
540520424
501498829
417065220
208694810
415735610
371802819
462761210
332094804
350342814
365944814
268440409
473773199
347619599
574560409
399699229
240874799
395226019
491704399
373259609
520200440
189021609
253792809
499584409
381628789
272133990
330530429
315752019
524649609
334347599
376728409
339587220
326576809
294042009
300926809
232726799
413623619
437676010
234983210
296291600
322802410
352897229
294864020
260506010
415282030
359040029
253411600
229228029
428322004
501362009
584741204
235494030
212491609
350569989
222800410
257057999
279689620
353313994
243346410
311288409
293925204
247935210
367837199
247962809
317044439
425671219
246827610
324389209
508652010
413909194
254098014
370264404
254768009
390258004
269926420
364094809
318104409
355475219
467072409
309684010
320177630
349974814
261782800
319445214
362994004
453313209
670201224
313144409
321766419
529157204
385598459
264888409
443694419
507349619
300089230
438672394
192499990
393481239
343966804
284475240
263804820
236686420
209389620
360522000
277079229
268292440
294032839
376819639
209008800
362384800
441504014
212133209
295306019
260021619
273024029
360907200
637944409
303200400
352374799
649032434
395648409
669424409
377694810
435859609
342862840
271998829
417078799
273091219
300332419
370424410
470626840
407713204
448592409
463358809
335218009
352796019
276963210
404809219
338533229
373118809
305720409
333281214
507302814
477536419
334596819
396581209
476125194
343693220
508215624
405283609
381555609
331581200
321349210
360485209
330888019
293148420
416210820
274168409
271457219
261368410
271044819
334117209
508242004
309432409
227326409
388140414
327102810
261330010
371480804
318552409
225016810
199239220
396882019
371738009
295184399
318800020
616766809
440368394
249872819
304300819
327992409
334072410
437048410
237856430
240551610
223621230
338827609
286503610
542896404
581114014
289964000
546362409
261130410
225763599
279216009
325656020
356713999
402014789
354763224
357415629
354966819
410788054
572760034
354569620
283089599
342873230
329848409
357366799
268600409
398168409
277464829
343498000
497009639
433568834
423562820
327637604
274457249
398520409
394130004
340400019
470578009
296583620
405693620
465094410
352798804
310391240
345569210
524443214
224464809
361960840
368706019
415510804
368189194
459628400
379121210
496024409
309112009
346635604
528216409
296320409
262724830
334825995
488747599
244718010
657738414
415152849
506699609
347642019
544922019
393465609
389800020
380768030
536705620
264368039
366399609
402152409
297533609
333223610
305720409
470904409
346936834
363927200
513676439
459645660
390832394
281331200
237995610
409592410
433465624
288114010
485009629
633352024
593720399
301396810
234377210
330562804
303870809
360494804
334679609
322031620
352841999
388969599
280920409
545923269
379968469
208604420
213578399
241075610
218388800
181770000
482236024
261307610
314310420
323986004
487520019
322424409
286440010
364592820
232082000
403176844
274157639
455126429
342694829
487883214
430664014
249388799
322053639
208546799
299944020
197313210
359607239
253600400
348312829
356331604
387120799
521569630
356792810
282726010
361707604
269665220
529003639
424870820
381296839
270202429
195327600
298506419
289729610
322192020
292446810
400264419
340984409
394990410
546419609
426448824
273510419
295216430
206138019
270524419
242544410
325594019
315896410
452229204
380338009
343520404
226552410
284683609
267408809
353921999
384470429
318712409
268600409
370372420
432845209
735767614
436572814
700660019
291387220
293440409
325963230
288142400
321481994
344670809
370640410
296440409
333693199
252463619
257669210
306814809
290436819
284563619
291640010
506609209
393728440
295902810
246331599
688917230
268491609
246246010
277257215
382464804
281810000
372370039
337637994
516882004
637904020
202534800
309950809
377995610
319184009
524194419
409683219
355307599
550294009
449784014
575256409
348408409
302456394
220662799
427222019
339273214
345601614
391096409
290577610
368509199
419936010
344429219
261223999
385626020
210896809
625632424
228651614
406222809
753107594
274487229
410246414
326056409
292785204
297306020
314601210
317865219
315752014
384765204
332888409
364982410
237048409
310013200
348453204
266943200
291672409
498902020
255355619
298998420
499410004
271154399
254836000
421466414
199608009
271136430
303639600
148923838
350728030
261987620
257569214
326642004
196136410
403224420
326671634
344818004
376451194
320285630
207041619
433752409
574827619
500600409
494343629
458946009
379941209
397528404
309592409
309626409
279054809
419324410
483551630
485827599
428392029
308102430
389168010
306250440
263055604
286904019
371216009
391356424
373981194
260906410
354320399
370569239
323716829
300545220
285304409
402322014
279787639
557844414
413368040
376904414
302144019
497715219
581256810
303309209
287158799
206143220
246686810
693983614
313948819
351201210
313918809
291108030
317962000
418099609
404624394
324720394
232842000
235639220
354603620
316182419
336587210
257733210
321349210
189991599
274168409
384812824
261409610
417579599
283368409
326715220
425283599
308513210
487608409
365884814
465497999
370218029
320128019
400119200
294044410
622181209
328050019
334072410
219160809
324389209
363256409
272765199
297120810
487723659
452342410
424640000
366629204
404958810
275594000
414904010
397524010
275124819
385289214
296040409
416464024
691166414
418744404
339506019
355550804
360910800
520446799
526424409
284997210
462219609
420880434
408383630
421839234
234427599
590194004
467585639
216843610
238904409
340984409
262072810
361828434
433946014
440856824
244758800
428576019
380719224
264853620
308617619
179029609
344364429
285236019
282647599
758523214
278984810
279529230
296107610
278756010
400280030
222876430
277336409
411909204
413010829
350643629
367393619
477040819
288792799
397637204
426194394
272312810
361590800
264830809
364363609
362078789
209532789
265477600
219563610
426594020
349118039
364152414
466702834
319103219
287715600
236094790
322344409
394776409
250463210
255136410
260579600
318590400
266635609
435371599
244856410
296865220
359628419
287465219
264888409
290663614
335012834
328499609
185419609
261330010
405612410
408683599
431026789
377330019
467617210
391912810
395411609
515286789
320568409
351790824
354240009
318838799
400143214
298746019
195396810
357758809
478650819
482207994
228168810
298278840
402350009
172963209
578571630
325720409
233180810
395948799
297004009
387079194
481545604
302008409
248353999
392670799
348877234
350435209
302946019
417080409
310055200
348408409
309781189
242806799
440334794
291146000
279139600
353443594
406795610
329454430
424911209
419550029
352675614
420636420
285155594
370752420
263394039
558441224
284845219
304903210
261591220
310968414
298456000
366142809
212293210
422406010
313931219
550744399
573504430
314544399
269583214
244978009
596954409
302008409
588538009
193982389
232710799
358600829
247195590
365144409
244232799
184391619
269655229
276093619
371640399
220297210
