263174819
345666020
395110819
354715639
247829239
322424409
315320439
397502809
224346019
388580394
274091610
410601220
308299599
365942799
361352789
264061999
340833634
342840409
225591220
320523229
333348019
299528029
544084029
495302419
587318430
262952409
429317620
311351239
310354419
397302799
353797204
481798434
422256394
183175210
452038810
245187224
268344829
266507609
266021210
285304409
284992400
258480810
286634020
264707200
225763599
404256019
256578409
262167200
396384019
341182804
523162820
317409239
303429610
456305219
870022000
276738019
292360439
255915610
307996409
216193210
399694404
311505610
223922810
210352410
436562004
624261600
307383249
296558419
526578004
449356820
345878799
308298800
320891614
376190020
273993219
333480409
332192419
306446819
311656019
280501220
314539629
249586019
249122810
282552419
203901200
198383620
179311209
246755640
188644439
325274009
218159599
477502804
435371604
284716419
531453619
268466020
302212440
259499610
341973189
414832000
266544409
330277204
319531610
648234014
300677200
301942799
323724019
319766799
246185999
255176019
403883249
623113229
277524410
268376409
316165199
261457619
252036430
382104410
424422019
352248410
466022809
337022809
232817210
321481994
389466019
307576409
324338399
548418434
390799624
201917214
372939199
335274820
430720430
557496429
482354819
406944419
211064409
409531210
366604814
453874004
329803609
359856820
368218014
272312410
474697999
345151600
571085209
392086424
236246800
383721209
477014794
380690810
516848434
192464409
248645210
506584404
430449209
267829190
328439230
313504819
538533214
344242009
391872410
334462814
328699220
290450010
309432409
232208400
424519620
434482009
235704410
294128400
323604010
368158439
286778820
259937209
428761230
359000030
254125599
236303230
443990409
512037209
584741204
233012429
218488409
367171599
213218810
257097999
272001219
349046799
233509210
309190410
299631609
257734010
362118789
250797610
320821640
429160829
248517210
326642009
481630804
448689200
246533210
375464409
252808409
408804010
269325220
353797204
333384410
363967220
457349204
316938410
312165229
348493209
261782800
317104809
369840810
454002410
678244029
306808810
318086420
548349204
396703259
264888409
431407209
517624029
295422024
438672394
194562390
398324439
349016409
279079640
265293219
237316020
215526822
360361994
282148829
275980440
297769240
370178034
209008404
344182799
439386019
213740010
298384419
265051219
271440030
356323600
616024409
311152400
360361999
656694434
395448404
665786014
374923609
457365219
358882040
275392830
409682789
276680020
284553620
370264404
473936839
408275209
438492010
466757210
337588009
339009614
277844810
415080419
344708029
365163604
299378004
349330820
541285220
483860829
334957219
407560409
476125194
338598019
497824814
402769614
368723604
331421199
321349210
369837609
337213214
294868819
402674414
274209210
273332820
259416409
266221220
338827609
522822804
309432409
225017610
390471614
323166810
261330010
361630804
327380809
228418410
199519620
386584019
368604410
299722400
322944020
607953999
457400399
249957219
298624019
323604410
319928404
434040410
224983630
233162009
228859229
352318410
284062409
543096810
615487620
296698400
561443209
256811610
219152399
279496409
319400014
351043594
399088394
350666429
364190039
357058019
417710059
569130434
349600414
282412400
338409229
329768409
365469194
264632010
395192404
283212030
343337994
512095639
438820039
412253214
325720409
284980849
398520409
408474009
346676820
477317610
295386019
399066020
428056399
355467609
306740839
343000404
530811609
252280410
353192834
370686820
415470799
382453194
443779594
366936409
501978004
298840409
336901204
535666004
296441210
270290829
329885199
502262810
239004010
706615620
417416854
528440409
334836819
533918414
375038809
390080820
352153214
547861619
269252439
356712809
393893209
292107610
322584409
297317209
470705210
365943239
358390799
504494434
471942460
414173200
288513200
235181610
415144409
438809229
284355204
463741624
645559624
606552404
303429610
238180809
333912404
313715614
368824409
337022809
320226019
339945999
392550799
290232010
569047680
382194880
211789219
209647599
234482009
222281999
185725199
491366419
263998010
312287620
346674010
477482814
311384409
286879609
361823619
229245199
410485250
281364040
463928830
349073629
488403619
431064419
246461200
303664034
216600000
293306019
197752410
359727239
261867599
354396029
366629204
402270810
508656824
351404404
281592409
385488409
273304419
504975239
410165214
383672840
279981630
193649599
308297619
287332810
323838820
292446810
410800419
329304409
389362009
550126404
426570424
278570420
293584030
209528419
264666019
237621610
315790409
323920410
474688810
377568404
357559210
226924809
290114809
266821210
359648404
389202429
311260410
267960810
367778420
453300814
726273614
427495609
714285220
291507620
296440409
316132029
293271200
336430800
355149209
358720409
290450010
319094803
256852019
255595609
301355610
286991620
279510420
292120010
511136419
384141234
295903210
244007999
668229624
270444010
237262410
277617620
393376809
282570400
363522434
343275604
531941209
629802009
199639999
316562810
368446804
337373219
527278420
396156014
369961610
584748019
441875619
579088404
336472409
332715610
219222800
424140014
350732424
355367620
380338009
294344409
357699999
400864404
341589214
262028400
375019214
210860810
597477614
231052810
420047219
764210004
269896829
429758819
325976409
297938010
302341220
304216409
317744419
316634020
384805204
332768404
362994004
232086804
314544399
348453204
258658394
295902810
479070014
250518420
304115219
513774804
270294800
248163600
430966820
199688410
267632829
301437200
142741438
342005624
263784820
262234020
332681210
203640409
390544014
340779239
335134804
393773204
318353629
212176820
439896409
567341214
479891604
488092024
465464414
382664019
391864404
320568409
306808410
279736409
400230809
475240429
489488399
436662829
306232830
379352404
313326439
244554395
291203220
374433210
379302024
373981194
250989999
354320399
374812439
323916434
296464019
281464410
417648420
278096040
549603209
405793234
371963614
304194814
517005620
586085209
307376409
288751200
212960420
249718809
698326414
313339219
351520410
320568409
292780029
324989199
404872399
404784400
359646000
232842000
227484820
333236819
307984020
353455610
257733210
327992409
189126799
268638810
399495230
266144410
426290004
279634410
335674819
418774794
302332810
477262404
359304019
485752409
363416430
319566019
370998789
292326809
626546004
309393614
336216409
229104409
327970409
352744804
272247600
303503209
492634459
477620419
418243594
366188004
423862010
277907599
412824409
378156799
271178019
387296810
290450810
406025224
695944814
405925194
329887614
376088409
355884800
535666004
541432810
290872409
475366809
419224439
403866429
422279640
234469200
586085209
467986840
208361209
234336409
334072410
263032409
377171239
454112019
449231624
250134799
431166020
378075224
264852820
304742020
167672810
363803640
287064819
283210004
744147619
279544410
274462429
294085210
278914410
395486030
221078430
286760810
405480010
430810834
355148829
355601214
470336014
284632800
412109209
430077200
277361210
340726799
268480409
364363609
359459594
213540790
264061199
221958410
424229220
351258039
369047619
489618840
319744819
291836000
238401990
322104009
386360404
252178010
257224409
232679199
313769999
269681610
444666004
245799210
295386019
359789219
292190420
264888409
290864819
357359239
335416409
186846810
259550810
402821204
414629209
445481994
365378014
458853609
392952409
380101204
519363599
320568409
354325624
362586019
323337200
407821224
300492819
197433210
368185620
484624819
475350789
225016814
301694034
405264810
172264805
596921634
316446804
224657208
404718804
299148809
378838794
495678804
299173610
243056400
400642804
355612039
353219614
306447220
408434004
314106000
340941204
322145190
247703200
437110799
299206800
281216000
359030799
429638419
338721230
448234819
406735629
352474814
418190414
300457599
365498819
258700040
579984024
282894020
303429210
265253620
321304414
287478799
363397204
205507210
416434009
312336820
579248404
551784019
314544399
284139619
248357209
613816409
297138810
613153219
219015190
234467599
356455629
254901990
372984410
242896399
183831619
273345630
283375220
376852000
221101204
