265171619
339030820
382704019
348897240
243728039
312314804
314880039
386648409
227038420
368822789
273252010
402968414
333560409
371314009
364175194
267251200
349368434
334846804
218575620
320081630
339676819
298098030
547165224
524968030
580361624
257693210
429758819
310711639
311517619
400310799
361560409
466904024
435421199
184950410
446603604
247579230
267520830
273623209
270376409
282258409
280854800
258879214
294693620
271024399
222538000
423199220
255838810
254429199
388429214
341062804
526259619
317608434
301355610
456064419
831326789
279149214
290644040
260856810
313064409
210327610
400538014
299454010
224722010
190489608
452530009
615704394
314684849
300372419
463702794
443774419
328086794
312803599
324604819
368494414
278968819
324389209
321713619
303736419
322056019
278762020
322030430
247759220
244978009
276186019
205386000
201587620
178751210
245042840
184728040
329848409
214468799
477502804
432286804
286575620
539226019
272886420
308919239
257733210
337385984
396942789
274048409
309451599
325736409
640136019
299235600
301942799
319338420
319686800
248164400
256302420
403563249
638883639
279298810
274142810
304733199
263052819
260043229
387558004
429626414
354680410
478731219
341627210
233618009
328976399
384211619
298280809
335876410
549018839
393471624
224671620
367826004
328865220
438828429
557536029
492248029
409244819
208288810
410251604
378940020
453874004
343191210
357377219
363311214
270456414
467811600
339732794
605694419
412050030
242337999
381416814
488041999
365029194
514020434
188940009
249466810
485184399
445464819
278273190
328360024
316634020
545593614
348268810
376728409
346030819
348331220
286296409
305259610
227734800
402730414
434482009
217849209
300617999
328073210
359665234
292544020
259500010
422984019
347912824
249565199
233456829
416778404
512037204
604292010
231070430
217727609
367171599
229624409
254209199
280960019
369342800
234149209
304990810
294085210
255806809
378391599
245726810
318995239
431688829
248357209
331147609
485208409
426675594
252197209
359426410
250463210
382155609
267984820
364094809
318104409
369165219
454334809
312581210
317438430
355832409
267542799
330140819
362674004
438809999
686888034
310147209
318406020
544574809
389967659
261330010
441043619
523964829
297858429
438672394
192981189
388107229
353466009
280636840
262515620
231874019
215447620
360361994
275670430
270814840
293911639
377060839
209008400
346742799
429985214
212293210
302224019
259861620
273425230
342947594
611512399
317748400
368509199
617622429
406158009
652186009
380186810
447862414
334492429
273876030
432838799
279946020
300252819
346744394
473375234
430904419
430033999
476472409
323410008
343350409
281592409
390969209
353046429
375717204
305720409
333119609
517432414
483858424
336610014
407600009
476285200
333702409
498184819
408838819
389278419
323966794
327992409
350290004
333156819
293027620
397204814
268638810
276478019
263160410
266060020
338827609
500971604
307346009
230558410
408828819
326456810
242247609
371243210
318552409
227366810
198712019
381876819
351262804
304099599
319802019
621093204
443734794
248144020
306486419
322440809
334072410
443064409
228843624
237739610
226481630
326370794
280302809
543096810
572665614
297136399
580195220
264888409
221778000
272050009
321112819
353758389
402134789
349984824
355210029
368674029
403626449
569248829
345112414
283209999
338410029
320779609
365469194
265992409
398008399
281174829
335174394
511776039
428198434
410733219
325560404
282224850
398520409
414131609
347278020
460589204
292383620
408868419
440749204
360526009
303373239
338264409
528349214
260198010
353231634
354182414
408372000
374006799
443779594
372082009
506062404
305259610
324773199
539550810
287532010
265414030
342397199
485278804
214670008
658259614
438752860
520526810
332101214
530784420
390216010
374033214
378439629
525911614
269451640
351929609
390525205
298296409
327064809
303178409
470063610
366184040
366454799
509957634
467056059
412029199
275830799
236328810
403240810
433424424
274684410
482161630
641664424
580928399
308890010
234144410
333912404
308146009
358680409
348174810
320104420
345040394
387115604
286955610
528704464
385729669
204693220
213577999
238274810
215773199
185325599
466723614
264038810
318393619
333294410
493289214
330447610
281202009
364833620
230685200
421973244
284666440
448976019
342977630
488403619
447837620
248108000
321089240
222805600
288545220
201784409
351218434
267792000
345871624
373592410
393816409
511854424
358984009
275909210
382797209
278962019
482539219
437693220
381297239
269759229
195487599
306180420
290450010
321590819
296440409
402368420
333431604
383774799
557341610
426730424
275278020
291590824
207902819
270963219
228734809
324044419
315777210
452069194
382064805
343480404
229344409
286654804
277684810
364811604
389161224
315921610
264145609
370572019
459173619
725952809
436574019
676557609
290785619
288293209
320328830
290147200
353025600
342251599
348536404
296200009
326313999
258533219
260498010
303429210
281501219
279630420
288632410
499800404
377552829
295902810
244167200
684812030
266661209
248244009
273672014
399152014
286691599
374771639
353266009
513157204
642116420
196502795
318191609
368326804
343779219
518106019
390977614
347581194
573584019
441074814
579288404
338907609
336348809
224022799
438147220
353217230
335428804
390415610
290617210
357699599
392376404
350823220
265802000
366933209
191984809
618247224
230932008
411624014
796757210
273184430
427395220
319531610
292947210
304475219
315000409
314038419
317999620
383964810
344736809
357976409
232286810
314103999
355752409
265582799
302008409
492384414
251770820
296544419
513854804
268150799
246185999
428495620
196826010
274279630
300390399
145640405
344397629
269049219
263563219
348931210
203479609
397984820
336438434
352120409
391206809
322096430
214040419
446200810
559614414
500600409
481522419
462041615
381942420
392024409
316163210
306408404
279335609
411392010
474520824
478385994
415448824
309530029
387384409
311346839
260272400
287666019
351262804
382322029
376308400
253239210
356957194
374490434
333922439
296985220
292825210
410145219
276522040
554186414
410936839
362002009
304836820
493918809
577587599
310843610
293654799
209167220
249237609
693864419
310746020
349620409
319924409
290866829
324989200
434384820
407780000
346900800
216393999
229882019
341070020
306696419
339036810
254040409
327992409
187904800
265993604
385093629
263160410
443630410
273752409
331374419
428457994
309392409
460606799
365885620
455710804
365483630
314426019
391766794
295959209
608926804
321910820
333912404
226552410
319883609
364753610
272765199
303864409
476614049
450009214
408710789
368081210
393426004
281463200
409824404
382983604
267910819
401115214
296400409
421584029
686347209
421848409
340958814
368446804
353193600
531341210
540831609
284997210
458782804
411537234
398425224
421678440
225923599
569490004
451347634
214456009
234104810
333031610
254040409
368319239
439473214
426593619
242043200
416613214
373506019
255597214
306500020
172439610
353396434
288613220
286643200
693795599
285304409
281311630
299672009
281381209
407212030
225428829
286842010
415083610
415879234
344436829
360367620
474169620
283872400
414963609
417110794
276024409
348405194
263186010
381612810
359459594
201586390
263258799
219563610
415936019
351017634
361904419
486523634
325883219
287318400
241946390
315736409
389272409
250302809
252280410
260459599
313769999
273406009
441581204
243975210
300785620
352194020
273581620
260126414
294412419
344756434
330003610
192784010
258550810
391659604
396230399
442179599
377410019
452530009
360523599
380101204
569843600
318205209
358754029
373625620
323734800
405608419
290798019
190880410
365499219
481838019
497328399
231936410
300166439
383608404
176040410
586322434
332715610
231522409
396389209
299670809
373104394
467211594
297938010
249334800
387115604
359460434
357502814
310589219
416679609
307747600
341182804
307389189
246550800
440374794
289021600
286602000
367331600
423988819
330016424
453967620
404269229
350464814
412618014
300058400
362732414
261695639
576440424
281464819
305422809
260145220
321504419
287478799
360811604
209847210
419339604
314211219
587232809
552384424
314544399
275804820
245783604
592728409
295902810
616487220
215368389
240696000
361108829
253033190
354504394
248314000
168003619
272540429
285206020
363421199
222532410
