258866019
357737619
380023220
349098040
243528840
323840010
316976840
389362009
226678020
386422799
279216810
402848414
333560409
381816409
366829995
253990400
346855234
335610004
214628819
322679629
335271219
301599230
516178814
525008424
591218030
258779610
412929614
314852440
315860820
391126794
366229210
478186429
422256394
185724810
442257204
245387630
265215630
274972410
270136009
281464810
280854800
255519209
294573220
270105200
220925200
389201614
254098010
263981199
388509214
326731599
522601614
309322029
301355610
446718409
888548800
279910820
285291240
259422809
308920810
217479610
405563614
302008409
222679610
217768810
436562004
597063189
307784849
292704014
522917209
454978020
333238799
303632399
320810814
376230420
277297220
324389209
323224414
297120419
311416420
275604820
312046829
251092819
247108409
273632819
208355599
210058019
177442409
246796439
182306839
326736809
214115600
470872409
426117204
279345219
524001209
258800020
306049639
263032409
337345984
420888000
279016410
330277204
323051209
606019604
302714399
301942799
315632019
315158800
253416799
253146020
415297644
654494839
281592409
272274010
309450400
260101620
257080830
385752409
430308820
351728004
497653219
339365204
233658410
338680000
376089614
309090010
339128409
542092434
390720024
224346020
370382804
316723609
422852429
526788819
482395214
409524819
218113400
418936409
369303614
453874004
320478804
352580820
358483614
276024409
453878799
354546800
594224819
399417624
237829199
383197609
499069199
375095210
494877624
188584410
247763210
503064409
430850009
269941190
322692029
316313620
538732814
339294804
379272404
345830819
331345219
271835613
303173210
227734800
416177614
418993994
238664409
300617999
327992409
370522040
300304019
263032409
434135630
352676429
253291599
220735629
458614020
504920409
576077204
235973629
214110810
358790789
229584409
251568400
275465219
365029199
230242010
306771610
294085210
259499610
353821189
245010014
315256439
431328029
246226404
319763604
478213204
426915600
260339609
370424410
256564810
381394399
273127220
351102794
324984410
362780820
469366010
316856409
310354029
355712409
267542799
321544419
367164810
435819604
678725634
310309609
320306820
548389209
372690444
261170009
443534019
487523214
306848429
448585999
195498390
391179234
353826004
275720840
258174420
237515220
216128420
363184800
275751630
262804839
295839640
374310834
210371599
336342794
441945620
212293210
298383219
259500820
271480430
353351194
624728409
310992399
344227594
625164419
401083604
660585214
369701209
462325220
336756434
276828830
423350795
275005220
294531219
369902404
468118034
433614020
430034004
466437204
335218009
354606820
277002010
409545620
351081629
387949610
309162410
333762014
504514014
480275219
348001619
404435610
472592399
333822814
504538819
408598019
386504014
326531599
321349210
362994409
337453619
293108820
421400820
262506809
268110819
264553610
267374019
346053609
526138810
302773210
225016810
400714819
323166810
259550810
372082004
329287209
232136810
198412414
381716819
369323610
306330000
320587614
620413610
470268000
254872019
300931220
327872409
340304010
451248410
229649229
237739610
220321230
331602004
262852410
542256010
591984014
292861200
546843209
261130810
226578000
282578810
321072819
334832384
402294799
355285230
355211234
363970430
403706044
538255619
365768420
280616000
338207619
325394410
378574000
262264810
411328810
275790829
338109194
500017640
430902029
409730420
321003604
286951650
379294804
399787599
342050420
483696409
291386019
382437609
440589199
370439609
310712040
342238004
517472409
250392409
359968839
351520809
411864800
373846789
433750789
353752399
474424389
306097609
346635604
513157204
289928410
270169629
327254789
499114004
245966809
617158799
398745644
517650010
331661209
530904819
380338009
371298409
373583219
508038804
263084039
354201209
385553999
291185609
331704409
307262010
479744010
355224434
358390799
507528439
456682849
381725189
282212000
229415610
415224409
435775219
288154410
478750424
604441209
572440399
298841610
226376810
324536404
310443610
351032404
331415599
317458419
357498800
400602004
286955610
554047664
387638479
206545220
211171599
228646010
222001999
182968800
457352809
246173210
306380419
319192399
471072009
323920810
282774810
368403219
195857594
415065650
289619639
440533219
338657624
493984420
402096004
245862400
317016040
191960398
293105619
199096410
350898429
265801999
345670419
333041989
390891599
502139224
352088404
274910010
369701209
280620819
516710440
423909220
367971234
270001629
189746000
308498019
289730010
315853219
299554410
399903614
323853599
399898010
515441999
437475630
271464020
288048029
183962018
260152820
229829210
321972020
314896810
462059599
368614799
341073999
234928010
287745209
256910010
356204399
396660029
309429604
268600409
363792019
431883204
695745204
434349214
709570420
287383619
290450010
321682030
290985999
348217200
342492799
348536404
269190410
333693199
253382419
257669210
304821609
290516819
273853220
290617610
486100799
398724440
295902810
244928400
625812014
273262410
245010010
280838419
412112420
282330400
370569634
357421610
513157204
629561220
199400800
311581210
355067599
343939219
534368820
414822019
363154010
569502019
423814804
579288404
341062804
316446804
224022799
430264019
339957624
353357220
361470799
281680410
349552394
414864014
352659219
265561604
387947220
196082410
617846019
227730410
419726419
824334410
271359630
415414809
317170009
291672409
300290019
315000409
321812820
313984419
351855984
339236410
377728410
229777210
306989200
326075589
261782800
295902810
459279199
247172819
304114019
517586010
271560400
249099600
400352409
195053209
269566030
299235600
143784638
351288829
261468014
261711620
332640010
201161210
395583220
315822019
332754004
379941199
312120429
203747620
442968404
533634004
500600409
475194019
446589204
392467619
377944399
318126010
313144409
274091610
411512409
457135619
447977174
420843229
298237230
379232404
304472040
265637600
284714815
360439610
374222819
362761994
233323600
364747199
370288439
322290034
285065614
285304409
409383620
253214039
557644820
400166429
379373620
294097620
483452804
577908009
304784010
293654799
205823620
245010010
657086009
308162819
335134804
313918810
287600030
320304400
426221609
377347589
347619599
236288000
227484420
330808419
308425219
330558809
246415610
316120810
187702799
268638810
380266429
264031210
423653209
267068410
328864820
418654789
305259610
467317199
356802814
462315604
352000429
322014019
379990794
295918809
604200804
307065619
328623210
225511210
319563599
345733204
276002400
301656409
484844460
441152009
412048399
351262804
382053199
273716000
420824410
370131594
276439220
382397609
296320409
388144819
668512409
415800399
332141214
378116010
348445194
512917194
510815194
286955610
462059599
421721239
413904430
431571239
228798799
552694789
451067229
212341209
228861609
331608404
261306410
364032839
451689620
435648829
249694399
404846804
378274419
263323619
302584020
179232009
365980839
285196019
268364399
713511609
278304410
280831630
294085210
277726810
395084424
225388829
286317609
406360409
408152434
337906424
358305619
445680409
282409999
376495184
426915604
272312410
356323599
259137210
363481599
359459594
209102790
258378400
224016409
432643619
347056040
359737219
480894040
328170019
297694000
245364790
325816010
407856410
250462810
257184009
254974000
322890800
262949209
429202004
243192410
297105220
352715614
298198020
258669210
296667619
352996434
328619610
167007609
262468010
388869204
402938004
440933199
377530019
461456810
365848399
401632810
495542789
319850410
358752830
364232419
307998789
418152430
300653219
200066410
374440820
472236814
464281984
223280409
305986840
389272409
158021594
571830824
336713210
234672414
415372010
296107610
396201999
494878410
301848409
258471600
422625210
372611240
348094820
308458019
376677189
312198799
336472809
314805990
257225600
423894794
297400799
276944399
350449984
399467209
344579630
424790009
422097629
329043599
399667614
294128400
389243220
264770840
583768030
277885619
307576409
262034820
315166014
291805199
366142809
207072810
407557204
308462420
583480410
555784829
321063600
276045220
246667609
592728409
301448009
600464809
208432390
219688799
345159619
228878790
367704409
242253600
180576420
275129230
290376420
377213199
222891610
